# using year1  1950
# using year2  2026
# minimal_valid_fraction ::  30.00
# operating on 
# <a href=http://climexp.knmi.nl/select.cgi?field=era5_tp>climexp.knmi.nl/select.cgi?field=era5_tp</a>
# file :: /data/climexp_data_collection/ERA5/era5_tp.nc
# cdi :: Climate Data Interface version 2.5.3 (https://mpimet.mpg.de/cdi)
# institution :: KNMI Climate Explorer and European Centre for Medium-Range Weather Forecasts
# cdo :: Climate Data Operators version 2.5.3 (https://mpimet.mpg.de/cdo)
# geospatial_lat_max ::     90.1
# geospatial_lon_min ::     -0.1
# geospatial_lon_units :: degrees_east
# geospatial_lon_resolution ::      0.2
# time_coverage_start :: 1950-01-15
# time_coverage_end :: 2026-05-15
# climexp_url :: https://climexp.knmi.nl/select.cgi?era5_tp
# nco :: netCDF Operators version 5.3.3 (Homepage = http://nco.sf.net, Code = http://github.com/nco/nco, Citation = 10.1016/j.envsoft.2008.03.004)
# scripturl01 :: http://climexp.knmi.nl/get_index.cgi?delta_lat=0.25&delta_lon=0.25&email=someone@somewhere&field=era5_tp&gridpoints=false&intertype=nearest&lat1=36&lat2=37&lat_max=90.00&lat_min=-90.00&lon1=-3&lon2=-2&lon_max=359.75&lon_min=0.00&masktype=all&year1=1950&year2=2026&year_max=2026&year_min=1950
# history ::  2026-06-28 10:04:15 bin/get_index /data/climexp_data_collection/ERA5/era5_tp.nc -3 -2 36 37 dipole no year1 1950 year2 2026 minfac 30 nearest lsmask /data/climexp_data_collection/ERA5/era5_000000_lsm-025.nc all nomissing era5_tp_-3--2E_36-37N_1950-2026_n\nSat Jun  6 08:38:11 2026: ncatted -a cell_methods,tp,d,, era5_tp.nc\nSat Jun 06 08:36:47 2026: cdo -r -f nc4 -z zip -O mergetime /net/pc230042/nobackup/users/sager/nobackup_2_old/ERA5/1950/mon/era5_tp_195001-195012.nc /net/pc230042/nobackup/users/sager/nobackup_2_old/ERA5/1951/mon/era5_tp_195101-195112.nc /net/pc230042/nobackup/users/sager/nobackup_2_old/ERA5/1952/mon/era5_tp_195201-195212.nc /net/pc230042/nobackup/users/sager/nobackup_2_old/ERA5/1953/mon/era5_tp_195301-195312.nc /net/pc230042/nobackup/users/sager/nobackup_2_old/ERA5/1954/mon/era5_tp_195401-195412.nc /net/pc230042/nobackup/users/sager/nobackup_2_old/ERA5/1955/mon/era5_tp_195501-195512.nc /net/pc230042/nobackup/users/sager/nobackup_2_old/ERA5/1956/mon/era5_tp_195601-195612.nc /net/pc230042/nobackup/users/sager/nobackup_2_old/ERA5/1957/mon/era5_tp_195701-195712.nc /net/pc230042/nobackup/users/sager/nobackup_2_old/ERA5/1958/mon/era5_tp_195801-195812.nc /net/pc230042/nobackup/users/sager/nobackup_2_old/ERA5/1959/mon/era5_tp_195901-195912.nc /net/pc230042/nobackup/users/sager/nobackup_2_old/ERA5/1960/mon/era5_tp_196001-196012.nc /net/pc230042/nobackup/users/sager/nobackup_2_old/ERA5/1961/mon/era5_tp_196101-196112.nc /net/pc230042/nobackup/users/sager/nobackup_2_old/ERA5/1962/mon/era5_tp_196201-196212.nc /net/pc230042/nobackup/users/sager/nobackup_2_old/ERA5/1963/mon/era5_tp_196301-196312.nc /net/pc230042/nobackup/users/sager/nobackup_2_old/ERA5/1964/mon/era5_tp_196401-196412.nc /net/pc230042/nobackup/users/sager/nobackup_2_old/ERA5/1965/mon/era5_tp_196501-196512.nc /net/pc230042/nobackup/users/sager/nobackup_2_old/ERA5/1966/mon/era5_tp_196601-196612.nc /net/pc230042/nobackup/users/sager/nobackup_2_old/ERA5/1967/mon/era5_tp_196701-196712.nc /net/pc230042/nobackup/users/sager/nobackup_2_old/ERA5/1968/mon/era5_tp_196801-196812.nc /net/pc230042/nobackup/users/sager/nobackup_2_old/ERA5/1969/mon/era5_tp_196901-196912.nc /net/pc230042/nobackup/users/sager/nobackup_2_old/ERA5/1970/mon/era5_tp_197001-197012.nc /net/pc230042/nobackup/users/sager/nobackup_2_old/ERA5/1971/mon/era5_tp_197101-197112.nc /net/pc230042/nobackup/users/sager/nobackup_2_old/ERA5/1972/mon/era5_tp_197201-197212.nc /net/pc230042/nobackup/users/sager/nobackup_2_old/ERA5/1973/mon/era5_tp_197301-197312.nc /net/pc230042/nobackup/users/sager/nobackup_2_old/ERA5/1974/mon/era5_tp_197401-197412.nc /net/pc230042/nobackup/users/sager/nobackup_2_old/ERA5/1975/mon/era5_tp_197501-197512.nc /net/pc230042/nobackup/users/sager/nobackup_2_old/ERA5/1976/mon/era5_tp_197601-197612.nc /net/pc230042/nobackup/users/sager/nobackup_2_old/ERA5/1977/mon/era5_tp_197701-197712.nc /net/pc230042/nobackup/users/sager/nobackup_2_old/ERA5/1978/mon/era5_tp_197801-197812.nc /net/pc230042/nobackup/users/sager/nobackup_2_old/ERA5/1979/mon/era5_tp_197901-197912.nc /net/pc230042/nobackup/users/sager/nobackup_2_old/ERA5/1980/mon/era5_tp_198001-198012.nc /net/pc230042/nobackup/users/sager/nobackup_2_old/ERA5/1981/mon/era5_tp_198101-198112.nc /net/pc230042/nobackup/users/sager/nobackup_2_old/ERA5/1982/mon/era5_tp_198201-198212.nc /net/pc230042/nobackup/users/sager/nobackup_2_old/ERA5/1983/mon/era5_tp_198301-198312.nc /net/pc230042/nobackup/users/sager/nobackup_2_old/ERA5/1984/mon/era5_tp_198401-198412.nc /net/pc230042/nobackup/users/sager/nobackup_2_old/ERA5/1985/mon/era5_tp_198501-198512.nc /net/pc230042/nobackup/users/sager/nobackup_2_old/ERA5/1986/mon/era5_tp_198601-198612.nc /net/pc230042/nobackup/users/sager/nobackup_2_old/ERA5/1987/mon/era5_tp_198701-198712.nc /net/pc230042/nobackup/users/sager/nobackup_2_old/ERA5/1988/mon/era5_tp_198801-198812.nc /net/pc230042/nobackup/users/sager/nobackup_2_old/ERA5/1989/mon/era5_tp_198901-198912.nc /net/pc230042/nobackup/users/sager/nobackup_2_old/ERA5/1990/mon/era5_tp_199001-199012.nc /net/pc230042/nobackup/users/sager/nobackup_2_old/ERA5/1991/mon/era5_tp_199101-199112.nc /net/pc230042/nobackup/users/sager/nobackup_2_old/ERA5/1992/mon/era5_tp_199201-199212.nc /net/pc230042/nobackup/users/sager/nobackup_2_old/ERA5/1993/mon/era5_tp_199301-199312.nc /net/pc230042/nobackup/users/sager/nobackup_2_old/ERA5/1994/mon/era5_tp_199401-199412.nc /net/pc230042/nobackup/users/sager/nobackup_2_old/ERA5/1995/mon/era5_tp_199501-199512.nc /net/pc230042/nobackup/users/sager/nobackup_2_old/ERA5/1996/mon/era5_tp_199601-199612.nc /net/pc230042/nobackup/users/sager/nobackup_2_old/ERA5/1997/mon/era5_tp_199701-199712.nc /net/pc230042/nobackup/users/sager/nobackup_2_old/ERA5/1998/mon/era5_tp_199801-199812.nc /net/pc230042/nobackup/users/sager/nobackup_2_old/ERA5/1999/mon/era5_tp_199901-199912.nc /net/pc230042/nobackup/users/sager/nobackup_2_old/ERA5/2000/mon/era5_tp_200001-200012.nc /net/pc230042/nobackup/users/sager/nobackup_2_old/ERA5/2001/mon/era5_tp_200101-200112.nc /net/pc230042/nobackup/users/sager/nobackup_2_old/ERA5/2002/mon/era5_tp_200201-200212.nc /net/pc230042/nobackup/users/sager/nobackup_2_old/ERA5/2003/mon/era5_tp_200301-200312.nc /net/pc230042/nobackup/users/sager/nobackup_2_old/ERA5/2004/mon/era5_tp_200401-200412.nc /net/pc230042/nobackup/users/sager/nobackup_2_old/ERA5/2005/mon/era5_tp_200501-200512.nc /net/pc230042/nobackup/users/sager/nobackup_2_old/ERA5/2006/mon/era5_tp_200601-200612.nc /net/pc230042/nobackup/users/sager/nobackup_2_old/ERA5/2007/mon/era5_tp_200701-200712.nc /net/pc230042/nobackup/users/sager/nobackup_2_old/ERA5/2008/mon/era5_tp_200801-200812.nc /net/pc230042/nobackup/users/sager/nobackup_2_old/ERA5/2009/mon/era5_tp_200901-200912.nc /net/pc230042/nobackup/users/sager/nobackup_2_old/ERA5/2010/mon/era5_tp_201001-201012.nc /net/pc230042/nobackup/users/sager/nobackup_2_old/ERA5/2011/mon/era5_tp_201101-201112.nc /net/pc230042/nobackup/users/sager/nobackup_2_old/ERA5/2012/mon/era5_tp_201201-201212.nc /net/pc230042/nobackup/users/sager/nobackup_2_old/ERA5/2013/mon/era5_tp_201301-201312.nc /net/pc230042/nobackup/users/sager/nobackup_2_old/ERA5/2014/mon/era5_tp_201401-201412.nc /net/pc230042/nobackup/users/sager/nobackup_2_old/ERA5/2015/mon/era5_tp_201501-201512.nc /net/pc230042/nobackup/users/sager/nobackup_2_old/ERA5/2016/mon/era5_tp_201601-201612.nc /net/pc230042/nobackup/users/sager/nobackup_2_old/ERA5/2017/mon/era5_tp_201701-201712.nc /net/pc230042/nobackup/users/sager/nobackup_2_old/ERA5/2018/mon/era5_tp_201801-201812.nc /net/pc230042/nobackup/users/sager/nobackup_2_old/ERA5/2019/mon/era5_tp_201901-201912.nc /net/pc230042/nobackup/users/sager/nobackup_2_old/ERA5/2020/mon/era5_tp_202001-202012.nc /net/pc230042/nobackup/users/sager/nobackup_2_old/ERA5/2021/mon/era5_tp_202101-202112.nc /net/pc230042/nobackup/users/sager/nobackup_2_old/ERA5/2022/mon/era5_tp_202201-202212.nc /net/pc230042/nobackup/users/sager/nobackup_2_old/ERA5/2023/mon/era5_tp_202301-202312.nc /net/pc230042/nobackup/users/sager/nobackup_2_old/ERA5/2024/mon/era5_tp_202401-202412.nc /net/pc230042/nobackup/users/sager/nobackup_2_old/ERA5/2025/mon/era5_tp_202501-202512.nc /net/pc230042/nobackup/users/sager/nobackup_2_old/ERA5/2026/mon/era5_tp_202601-202612.nc era5_tp.nc\nFri Feb 26 12:33:50 2021: cdo -O -z zip copy era5_195001_tp.nc era5_195002_tp.nc era5_195003_tp.nc era5_195004_tp.nc era5_195005_tp.nc era5_195006_tp.nc era5_195007_tp.nc era5_195008_tp.nc era5_195009_tp.nc era5_195010_tp.nc era5_195011_tp.nc era5_195012_tp.nc /nobackup_2/users/sager/ERA5/1950/mon/era5_tp_195001-195012.nc\nFri Feb 26 12:29:45 2021: ncatted -O -a long_name,tp,m,c,Precipitation -a standard_name,tp,m,c,precipitation_flux -a units,tp,m,c,mm/dy -a title,global,m,c,"ERA5 reanalysis, https://www.ecmwf.int/en/forecasts/datasets/reanalysis-datasets/era5" /nobackup_1/users/sager/CX/TMP/monthly/1950/era5_195001_tp.nc /nobackup_1/users/sager/CX/TMP/monthly/1950/era5_195001_tp_atted.nc\nFri Feb 26 12:29:45 2021: cdo -O -v -s -r -b 32 -f nc4 -z zip setgridtype,regular -mulc,1000.0 -setname,tp -settaxis,1950-01-15,0:00,1mon /nobackup_1/users/sager/CX/TMP/monthly/1950/era5_195001_TP.grb /nobackup_1/users/sager/CX/TMP/monthly/1950/era5_195001_tp.nc
# ave_region :: lon=  356.875  358.125, lat=   35.875   37.125
# averaging anomalies over region lon=  356.875  358.125, lat=   35.875   37.125
# tp [mm/dy] Precipitation
 1950   1.679944      0.3651795      0.8933495      0.3940388      0.3212315      0.1869111      0.2142650E-01  0.1108575       1.205326       1.995754      0.8850347E-01   1.089476    
 1951   1.496794       1.482805       1.281624       1.406663      0.3775395      0.1075839      0.4661122E-01  0.1055816      0.6115708      0.6276293       2.248722       1.182909    
 1952   2.089284      0.4646179      0.7667708       2.308775       1.175537      0.4062824E-01  0.4868384E-01  0.3131024      0.3654717      0.6805621      0.8659911      0.8576723    
 1953  0.5826720      0.9601930       1.271512      0.3829979      0.1676810      0.5567922      0.2698115E-01  0.2302715E-01  0.3935123       2.286399      0.9499231      0.7962513    
 1954   1.298999       1.144649       2.744056       2.164838      0.1956229      0.3260856E-01  0.1722978E-01  0.1202573E-01  0.1288043      0.8399404E-01  0.2387279       1.530571    
 1955   1.578501       1.252664       2.132945      0.4510522      0.2608840      0.1020993      0.2240718E-01  0.1674931      0.1841037      0.7336296       1.379183      0.8533556    
 1956   1.935888       3.304692       1.270681       1.181484      0.1833492      0.4509872E-01  0.8663532E-01  0.5908538E-01  0.3592590      0.8993211       1.137110      0.7167568    
 1957   1.588099      0.1900362       1.259177       2.975460      0.7338906      0.1458322      0.1723401E-01  0.7045384E-01  0.4381890       1.469026       2.062215       2.669674    
 1958   1.326792      0.2757944      0.4863983      0.9207804      0.1247165      0.6950988      0.1552846E-01  0.4758302E-01  0.8746415E-01   1.110259      0.8518623       2.567294    
 1959  0.5161045       1.552899      0.9686935      0.1609141       1.839503      0.7431141E-01  0.5015707E-01  0.6383213E-01  0.7453830      0.7063850      0.9344704      0.7559086    
 1960   1.273468       1.844412       1.415238      0.9949243      0.4725951      0.5100888      0.5845565E-01  0.1962139E-01  0.8709364E-01   1.165938      0.6039979       1.660012    
 1961  0.6242989      0.7534427E-01  0.2965825      0.3523684      0.5185919      0.5786632      0.6856918E-01  0.7538300E-01  0.2756170      0.4233350       1.611845       1.166152    
 1962  0.3581231      0.6880869       1.873403       1.732572       1.204424      0.6967165      0.2984253E-01  0.3664581E-01  0.1356345       1.442517       2.885463       2.287152    
 1963   1.702600       1.625489      0.4122442      0.6906796       1.886771      0.2257195      0.1240516      0.1714129      0.8882871      0.2490055      0.8294469       4.992571    
 1964  0.8208816      0.8099303       1.274858      0.7843964      0.3709072E-01  0.3189938      0.2460906E-01  0.7308996E-01  0.6870485E-01  0.2712102      0.7134472       2.474929    
 1965   1.604842       1.621378      0.7081444       1.093386      0.1080211      0.3218301      0.1691101      0.8109641E-01  0.4896964       1.829256      0.8235886      0.5414792    
 1966  0.3439047       1.657103      0.3016356      0.3202532      0.3603784      0.1791470      0.1145121      0.2771150E-01  0.6959208       3.604321      0.8254240      0.1514532    
 1967  0.4323335       1.695252      0.5071062       2.930212      0.8687860       1.648858      0.2384172E-01  0.1230190      0.3752455      0.3534508       1.597889       1.181223    
 1968  0.6638862       1.817938       2.656067      0.8757780       1.849234      0.7523370      0.1053037      0.9779160E-01  0.3986434E-01  0.3279451E-01   1.409573       1.808129    
 1969   1.084649       2.287935       1.156270       2.090013      0.7917078      0.2459930      0.6509227E-01  0.1427381      0.7378116       4.191889       2.665764       1.524335    
 1970   3.005094      0.9412360E-01   1.326542      0.8577312      0.1478143      0.1650901      0.2940868E-01  0.9239849E-01  0.1363729       1.309126      0.3310893       3.291191    
 1971   1.925709      0.3717644       1.973867       1.696751       2.560444      0.4900471      0.8293754E-01  0.1518467      0.8483202       1.012125       4.774301       2.789357    
 1972   1.767816      0.8056999       1.652757       1.127523       1.146094      0.5760214      0.4126293      0.3301121       1.753653       2.784521       3.969500      0.6524805    
 1973   1.008667      0.8786389       2.892614      0.5256521      0.4332989      0.4322500      0.6775935E-01  0.1852441      0.5531421       4.171292       1.929610       3.603983    
 1974  0.2523195       1.475043       1.073405       1.385791      0.1790193      0.8257398      0.3050230      0.6877472E-01  0.3403898       2.826067      0.2897647      0.1366898    
 1975  0.7883219       1.430399       2.108582       2.840619      0.7399032      0.3099937      0.7428353E-01  0.1647609      0.1786734      0.2347833      0.6681833       2.180518    
 1976   1.399376       1.000810      0.4646906       3.801990       2.750972      0.4212834      0.2328418      0.1901068      0.5421432       1.716084      0.4425342       2.323697    
 1977   2.199112      0.6836625      0.3390603      0.3168932      0.6486095      0.1794578      0.2851635      0.1625241      0.1428759       1.240003       1.262930       1.315619    
 1978   1.319344       1.338485      0.7547877       1.138440      0.8114040      0.9335698      0.3181833E-01  0.1230492      0.1003281      0.8709248      0.7313447       1.993279    
 1979   2.020259       2.285986      0.8041584      0.2087109      0.2149190      0.1987375      0.6344928      0.3756733E-01  0.6205797       2.127171      0.3353987      0.7375737    
 1980   2.192357       1.346386       1.227908      0.9298936       1.000849      0.5760219      0.9759933E-01  0.3774723E-01  0.3788817      0.2573849       1.210095      0.6179907    
 1981  0.2708617      0.9110268      0.3727826       3.365638      0.4779446      0.3884086      0.2130475E-01  0.1911313      0.2211453      0.4097584      0.4508230E-01   1.217934    
 1982   2.012385       1.202671      0.4638282       1.355385      0.7036895      0.1556384      0.7878736E-01  0.9567292E-01  0.2828846      0.7387096       2.195635      0.2554961    
 1983  0.3669348E-01   1.695570      0.2722083      0.2589884      0.1943718      0.1240890      0.1201636      0.1670892      0.8543005E-01  0.3087822       2.406291       1.754274    
 1984  0.7935662      0.8557416       1.306329       1.066332       2.447759      0.1975296      0.2224370E-01  0.8340295E-01  0.1026432      0.3274881       2.267524      0.2679646    
 1985   1.234763       1.427564      0.6943342      0.8516929       1.173223      0.1064271      0.2272693E-01  0.1088791      0.3600187      0.3851636       2.944860      0.9960323    
 1986  0.5560139       1.082580       2.227704      0.8637358      0.2976602      0.4529124      0.3127728      0.5745418E-01  0.8908814       2.761508       1.207350      0.5673037    
 1987   2.448865       1.175906      0.2962123      0.4804042      0.3152651      0.6508182E-01  0.3139331      0.2902299      0.3122728       1.738468       1.043382       1.223588    
 1988  0.9705577      0.5214812      0.2934126      0.7251471       1.154390      0.7696955      0.1442890E-01  0.1419798      0.4284067       1.149773       1.857939      0.1522696    
 1989   1.304105       1.590828       1.421396       1.595677      0.9638511      0.3444707      0.7628552E-01  0.1797873       3.521602       1.186932       3.497759       2.101842    
 1990   1.989558      0.1013553E-01   1.097157       2.256778       1.050536      0.9143271E-01  0.5666288E-01  0.1309869      0.4442326      0.9240820      0.4600087       1.792153    
 1991   1.544606       1.865653       2.045374      0.3565344      0.2936952      0.2601983      0.7502183E-01  0.3938448E-01  0.3681360       1.427925      0.3224546      0.3605715    
 1992   1.464706       1.015340       1.257581      0.7524862       1.044208       2.589074      0.5144193E-01  0.1146682E-01  0.2730979      0.6249135      0.6554189      0.7969722    
 1993  0.1262850       2.931207      0.8001217      0.8293118      0.8754722      0.1865337      0.3209728E-01  0.1253621      0.1809409       1.318887       1.700750      0.1264608    
 1994   1.285627       2.153972      0.3237797      0.7404702      0.1161063      0.2853749E-01  0.5627713E-01  0.3406397E-01  0.6786879      0.9776080      0.7554643      0.2099086    
 1995  0.1409304       1.611852       1.830422      0.2096688      0.1157410      0.6241366      0.3866407E-01  0.2875393      0.2020211      0.3000949      0.4885893       1.834455    
 1996   2.499674       1.105695      0.8638306      0.8342764      0.7365828      0.7469109E-01  0.3348486E-01  0.1616851       1.828903      0.8815628       1.096075       3.082820    
 1997   1.751101      0.1022961      0.2581184       1.118284      0.9661229      0.9564348E-01  0.7616530E-01  0.1943198       3.164375      0.3030651       1.425893       2.694368    
 1998  0.8092647      0.9571100      0.1744968      0.1943673      0.8462270      0.2082378      0.2863176E-01  0.9028748E-01  0.6272148      0.5002709E-01  0.5192730      0.9725409    
 1999   1.147360       2.815183       1.165562      0.1928496      0.7323150E-01  0.8553904E-01  0.1915103E-01  0.5337838E-01  0.3449264       2.158719       1.691066      0.8062856    
 2000   1.076749      0.1034306E-01  0.1766036      0.6825501      0.9568889      0.9742395E-02  0.1475361E-01  0.3054021E-01  0.3265036       2.804136      0.7932262       2.021483    
 2001  0.6513898      0.8417749      0.2830842      0.4608229      0.6222449      0.9304462E-01  0.8305884E-02  0.3592602E-01  0.5543223      0.9139103       2.350723       1.977710    
 2002  0.2694457      0.1089118       1.199225       1.562998      0.9015220      0.1347274      0.1215043      0.3590133      0.1159160      0.3167160       2.445477      0.5072450    
 2003   1.453451       2.384376       1.083359      0.8134603      0.4155513      0.7854933E-01  0.2073856E-01  0.7871065E-01  0.1227555       2.653883       2.581157       1.788581    
 2004  0.2770709      0.6335964       2.795419       1.788717       1.285672      0.1924303      0.7741223E-01  0.7440320E-01  0.1852216      0.3997502      0.5988777       1.473527    
 2005  0.3242599       2.304581       1.175694      0.6214195      0.1306573      0.3194636E-01  0.2273654E-01  0.1916963      0.7328394      0.2886844       1.325323      0.5823337    
 2006   2.793064       1.500876      0.6012519       1.396870       1.324291      0.1434840      0.2758253E-01  0.8944515E-01  0.5383862      0.4569749       1.407342       1.194624    
 2007   1.255456      0.6041060      0.5856727       1.798469      0.5404996      0.5393577E-01  0.1962676E-01  0.3452090      0.7625030       2.775849       1.748718      0.7932978    
 2008  0.5254983       1.051207      0.3853795      0.5427911      0.9884728      0.1423830      0.3209345      0.5153693E-01  0.9793019       2.396937       2.899146       1.270961    
 2009   1.517805       1.078449       1.483510      0.6538235      0.1032341      0.5231198E-01  0.1353288E-01  0.1176306       2.474710      0.3556602      0.4026501       3.950675    
 2010   2.325953       2.828708       2.579522      0.6636634      0.2144003      0.3266327      0.5430048E-01  0.7082902      0.1902089      0.8414900       2.210084       1.145899    
 2011   1.143866      0.8612514       1.335809      0.7864717       1.490970      0.3304656      0.6229177E-01  0.6391944E-01  0.2712916      0.8726939       1.921985      0.4690711    
 2012   1.488302      0.7199310      0.3198443      0.4123844      0.8292277E-01  0.3478653E-01  0.1040882E-01  0.9656455E-01   1.328583       1.268930       2.771545      0.2782354    
 2013  0.7905297       1.167622       1.207371       1.160149      0.7899815      0.1510521E-01  0.3947680E-01  0.4324100      0.5403479      0.4063962      0.8143659      0.9856130    
 2014   1.145160      0.5848458      0.2570046      0.2099420      0.2473071      0.4857950      0.2610726E-01  0.5680132E-01   1.162292      0.5275028       1.533962       1.015543    
 2015  0.9175119       1.847909       1.566542       1.116104      0.3520502      0.1321323      0.5476432E-01  0.1226216      0.7098733       1.087179      0.9565347      0.2283166E-01
 2016  0.9696304      0.6234620      0.5385489      0.8949303      0.7291069      0.3568771E-01  0.3399244E-01  0.8235925E-01  0.2534425      0.7947911       1.459298       3.330990    
 2017   1.485899      0.8648775       1.122189      0.5909545      0.8731910E-01  0.6714666E-01  0.2149733E-01   1.616065      0.1954328      0.8218458      0.7480545      0.3490433    
 2018   1.173855       1.517926       2.719741       1.711513      0.6977370      0.1326692      0.1172827E-01  0.1839549       1.773171       2.962113       1.047004      0.2553956    
 2019  0.4179376      0.2017761      0.6331033       1.612652      0.1551737      0.6995811E-01  0.4780092E-01  0.2235432       1.099240       1.447170       1.228560       1.914789    
 2020   1.364747      0.3952891E-01   1.263881       1.727927      0.6244645      0.9617674E-01  0.7731175E-01  0.8478815E-01  0.1712287      0.2170206       1.091695      0.2887600    
 2021   2.356386      0.2345610       1.218469       1.991369      0.9968214      0.7160842      0.3491744E-01  0.1218550      0.3541539      0.3553665      0.8696806      0.1938754    
 2022  0.3963925      0.3335598       3.363330       1.677370       1.159073      0.6555706E-01  0.5790665E-01  0.3938633E-01  0.2135611      0.2875900      0.2806666       1.604173    
 2023  0.8169433      0.9897762      0.1567381      0.6603010E-01   3.160345      0.6501510      0.5673898E-01  0.6235074E-01  0.9765558      0.4071613      0.4608711E-01  0.4107827    
 2024  0.5569600      0.4407660       1.970352      0.3780752      0.7356444E-01  0.2789840      0.3442817E-01  0.1913077      0.3645158       1.747927      0.4319092      0.2495878    
 2025  0.4683610       1.047471       2.952058      0.4184934      0.7073220      0.1073077      0.1248097      0.4993970E-01  0.3201271      0.4490309      0.8630657       2.715289    
 2026   3.598124       1.966995      0.6752434      0.4292310      0.7431676      -999.9000      -999.9000      -999.9000      -999.9000      -999.9000      -999.9000      -999.9000    
