# using year1  1950
# using year2  2026
# minimal_valid_fraction ::  30.00
# operating on 
# <a href=http://climexp.knmi.nl/select.cgi?field=era5_tp>climexp.knmi.nl/select.cgi?field=era5_tp</a>
# file :: /data/climexp_data_collection/ERA5/era5_tp.nc
# cdi :: Climate Data Interface version 2.5.3 (https://mpimet.mpg.de/cdi)
# institution :: KNMI Climate Explorer and European Centre for Medium-Range Weather Forecasts
# cdo :: Climate Data Operators version 2.5.3 (https://mpimet.mpg.de/cdo)
# geospatial_lat_max ::     90.1
# geospatial_lon_min ::     -0.1
# geospatial_lon_units :: degrees_east
# geospatial_lon_resolution ::      0.2
# time_coverage_start :: 1950-01-15
# time_coverage_end :: 2026-05-15
# climexp_url :: https://climexp.knmi.nl/select.cgi?era5_tp
# nco :: netCDF Operators version 5.3.3 (Homepage = http://nco.sf.net, Code = http://github.com/nco/nco, Citation = 10.1016/j.envsoft.2008.03.004)
# scripturl01 :: http://climexp.knmi.nl/get_index.cgi?delta_lat=0.25&delta_lon=0.25&email=someone@somewhere&field=era5_tp&gridpoints=false&intertype=nearest&lat1=30&lat2=31&lat_max=90.00&lat_min=-90.00&lon1=-6&lon2=-5&lon_max=359.75&lon_min=0.00&masktype=all&year1=1950&year2=2026&year_max=2026&year_min=1950
# history ::  2026-08-02 22:54:27 bin/get_index /data/climexp_data_collection/ERA5/era5_tp.nc -6 -5 30 31 dipole no year1 1950 year2 2026 minfac 30 nearest lsmask /data/climexp_data_collection/ERA5/era5_000000_lsm-025.nc all nomissing era5_tp_-6--5E_30-31N_1950-2026_n\nSat Jun  6 08:38:11 2026: ncatted -a cell_methods,tp,d,, era5_tp.nc\nSat Jun 06 08:36:47 2026: cdo -r -f nc4 -z zip -O mergetime /net/pc230042/nobackup/users/sager/nobackup_2_old/ERA5/1950/mon/era5_tp_195001-195012.nc /net/pc230042/nobackup/users/sager/nobackup_2_old/ERA5/1951/mon/era5_tp_195101-195112.nc /net/pc230042/nobackup/users/sager/nobackup_2_old/ERA5/1952/mon/era5_tp_195201-195212.nc /net/pc230042/nobackup/users/sager/nobackup_2_old/ERA5/1953/mon/era5_tp_195301-195312.nc /net/pc230042/nobackup/users/sager/nobackup_2_old/ERA5/1954/mon/era5_tp_195401-195412.nc /net/pc230042/nobackup/users/sager/nobackup_2_old/ERA5/1955/mon/era5_tp_195501-195512.nc /net/pc230042/nobackup/users/sager/nobackup_2_old/ERA5/1956/mon/era5_tp_195601-195612.nc /net/pc230042/nobackup/users/sager/nobackup_2_old/ERA5/1957/mon/era5_tp_195701-195712.nc /net/pc230042/nobackup/users/sager/nobackup_2_old/ERA5/1958/mon/era5_tp_195801-195812.nc /net/pc230042/nobackup/users/sager/nobackup_2_old/ERA5/1959/mon/era5_tp_195901-195912.nc /net/pc230042/nobackup/users/sager/nobackup_2_old/ERA5/1960/mon/era5_tp_196001-196012.nc /net/pc230042/nobackup/users/sager/nobackup_2_old/ERA5/1961/mon/era5_tp_196101-196112.nc /net/pc230042/nobackup/users/sager/nobackup_2_old/ERA5/1962/mon/era5_tp_196201-196212.nc /net/pc230042/nobackup/users/sager/nobackup_2_old/ERA5/1963/mon/era5_tp_196301-196312.nc /net/pc230042/nobackup/users/sager/nobackup_2_old/ERA5/1964/mon/era5_tp_196401-196412.nc /net/pc230042/nobackup/users/sager/nobackup_2_old/ERA5/1965/mon/era5_tp_196501-196512.nc /net/pc230042/nobackup/users/sager/nobackup_2_old/ERA5/1966/mon/era5_tp_196601-196612.nc /net/pc230042/nobackup/users/sager/nobackup_2_old/ERA5/1967/mon/era5_tp_196701-196712.nc /net/pc230042/nobackup/users/sager/nobackup_2_old/ERA5/1968/mon/era5_tp_196801-196812.nc /net/pc230042/nobackup/users/sager/nobackup_2_old/ERA5/1969/mon/era5_tp_196901-196912.nc /net/pc230042/nobackup/users/sager/nobackup_2_old/ERA5/1970/mon/era5_tp_197001-197012.nc /net/pc230042/nobackup/users/sager/nobackup_2_old/ERA5/1971/mon/era5_tp_197101-197112.nc /net/pc230042/nobackup/users/sager/nobackup_2_old/ERA5/1972/mon/era5_tp_197201-197212.nc /net/pc230042/nobackup/users/sager/nobackup_2_old/ERA5/1973/mon/era5_tp_197301-197312.nc /net/pc230042/nobackup/users/sager/nobackup_2_old/ERA5/1974/mon/era5_tp_197401-197412.nc /net/pc230042/nobackup/users/sager/nobackup_2_old/ERA5/1975/mon/era5_tp_197501-197512.nc /net/pc230042/nobackup/users/sager/nobackup_2_old/ERA5/1976/mon/era5_tp_197601-197612.nc /net/pc230042/nobackup/users/sager/nobackup_2_old/ERA5/1977/mon/era5_tp_197701-197712.nc /net/pc230042/nobackup/users/sager/nobackup_2_old/ERA5/1978/mon/era5_tp_197801-197812.nc /net/pc230042/nobackup/users/sager/nobackup_2_old/ERA5/1979/mon/era5_tp_197901-197912.nc /net/pc230042/nobackup/users/sager/nobackup_2_old/ERA5/1980/mon/era5_tp_198001-198012.nc /net/pc230042/nobackup/users/sager/nobackup_2_old/ERA5/1981/mon/era5_tp_198101-198112.nc /net/pc230042/nobackup/users/sager/nobackup_2_old/ERA5/1982/mon/era5_tp_198201-198212.nc /net/pc230042/nobackup/users/sager/nobackup_2_old/ERA5/1983/mon/era5_tp_198301-198312.nc /net/pc230042/nobackup/users/sager/nobackup_2_old/ERA5/1984/mon/era5_tp_198401-198412.nc /net/pc230042/nobackup/users/sager/nobackup_2_old/ERA5/1985/mon/era5_tp_198501-198512.nc /net/pc230042/nobackup/users/sager/nobackup_2_old/ERA5/1986/mon/era5_tp_198601-198612.nc /net/pc230042/nobackup/users/sager/nobackup_2_old/ERA5/1987/mon/era5_tp_198701-198712.nc /net/pc230042/nobackup/users/sager/nobackup_2_old/ERA5/1988/mon/era5_tp_198801-198812.nc /net/pc230042/nobackup/users/sager/nobackup_2_old/ERA5/1989/mon/era5_tp_198901-198912.nc /net/pc230042/nobackup/users/sager/nobackup_2_old/ERA5/1990/mon/era5_tp_199001-199012.nc /net/pc230042/nobackup/users/sager/nobackup_2_old/ERA5/1991/mon/era5_tp_199101-199112.nc /net/pc230042/nobackup/users/sager/nobackup_2_old/ERA5/1992/mon/era5_tp_199201-199212.nc /net/pc230042/nobackup/users/sager/nobackup_2_old/ERA5/1993/mon/era5_tp_199301-199312.nc /net/pc230042/nobackup/users/sager/nobackup_2_old/ERA5/1994/mon/era5_tp_199401-199412.nc /net/pc230042/nobackup/users/sager/nobackup_2_old/ERA5/1995/mon/era5_tp_199501-199512.nc /net/pc230042/nobackup/users/sager/nobackup_2_old/ERA5/1996/mon/era5_tp_199601-199612.nc /net/pc230042/nobackup/users/sager/nobackup_2_old/ERA5/1997/mon/era5_tp_199701-199712.nc /net/pc230042/nobackup/users/sager/nobackup_2_old/ERA5/1998/mon/era5_tp_199801-199812.nc /net/pc230042/nobackup/users/sager/nobackup_2_old/ERA5/1999/mon/era5_tp_199901-199912.nc /net/pc230042/nobackup/users/sager/nobackup_2_old/ERA5/2000/mon/era5_tp_200001-200012.nc /net/pc230042/nobackup/users/sager/nobackup_2_old/ERA5/2001/mon/era5_tp_200101-200112.nc /net/pc230042/nobackup/users/sager/nobackup_2_old/ERA5/2002/mon/era5_tp_200201-200212.nc /net/pc230042/nobackup/users/sager/nobackup_2_old/ERA5/2003/mon/era5_tp_200301-200312.nc /net/pc230042/nobackup/users/sager/nobackup_2_old/ERA5/2004/mon/era5_tp_200401-200412.nc /net/pc230042/nobackup/users/sager/nobackup_2_old/ERA5/2005/mon/era5_tp_200501-200512.nc /net/pc230042/nobackup/users/sager/nobackup_2_old/ERA5/2006/mon/era5_tp_200601-200612.nc /net/pc230042/nobackup/users/sager/nobackup_2_old/ERA5/2007/mon/era5_tp_200701-200712.nc /net/pc230042/nobackup/users/sager/nobackup_2_old/ERA5/2008/mon/era5_tp_200801-200812.nc /net/pc230042/nobackup/users/sager/nobackup_2_old/ERA5/2009/mon/era5_tp_200901-200912.nc /net/pc230042/nobackup/users/sager/nobackup_2_old/ERA5/2010/mon/era5_tp_201001-201012.nc /net/pc230042/nobackup/users/sager/nobackup_2_old/ERA5/2011/mon/era5_tp_201101-201112.nc /net/pc230042/nobackup/users/sager/nobackup_2_old/ERA5/2012/mon/era5_tp_201201-201212.nc /net/pc230042/nobackup/users/sager/nobackup_2_old/ERA5/2013/mon/era5_tp_201301-201312.nc /net/pc230042/nobackup/users/sager/nobackup_2_old/ERA5/2014/mon/era5_tp_201401-201412.nc /net/pc230042/nobackup/users/sager/nobackup_2_old/ERA5/2015/mon/era5_tp_201501-201512.nc /net/pc230042/nobackup/users/sager/nobackup_2_old/ERA5/2016/mon/era5_tp_201601-201612.nc /net/pc230042/nobackup/users/sager/nobackup_2_old/ERA5/2017/mon/era5_tp_201701-201712.nc /net/pc230042/nobackup/users/sager/nobackup_2_old/ERA5/2018/mon/era5_tp_201801-201812.nc /net/pc230042/nobackup/users/sager/nobackup_2_old/ERA5/2019/mon/era5_tp_201901-201912.nc /net/pc230042/nobackup/users/sager/nobackup_2_old/ERA5/2020/mon/era5_tp_202001-202012.nc /net/pc230042/nobackup/users/sager/nobackup_2_old/ERA5/2021/mon/era5_tp_202101-202112.nc /net/pc230042/nobackup/users/sager/nobackup_2_old/ERA5/2022/mon/era5_tp_202201-202212.nc /net/pc230042/nobackup/users/sager/nobackup_2_old/ERA5/2023/mon/era5_tp_202301-202312.nc /net/pc230042/nobackup/users/sager/nobackup_2_old/ERA5/2024/mon/era5_tp_202401-202412.nc /net/pc230042/nobackup/users/sager/nobackup_2_old/ERA5/2025/mon/era5_tp_202501-202512.nc /net/pc230042/nobackup/users/sager/nobackup_2_old/ERA5/2026/mon/era5_tp_202601-202612.nc era5_tp.nc\nFri Feb 26 12:33:50 2021: cdo -O -z zip copy era5_195001_tp.nc era5_195002_tp.nc era5_195003_tp.nc era5_195004_tp.nc era5_195005_tp.nc era5_195006_tp.nc era5_195007_tp.nc era5_195008_tp.nc era5_195009_tp.nc era5_195010_tp.nc era5_195011_tp.nc era5_195012_tp.nc /nobackup_2/users/sager/ERA5/1950/mon/era5_tp_195001-195012.nc\nFri Feb 26 12:29:45 2021: ncatted -O -a long_name,tp,m,c,Precipitation -a standard_name,tp,m,c,precipitation_flux -a units,tp,m,c,mm/dy -a title,global,m,c,"ERA5 reanalysis, https://www.ecmwf.int/en/forecasts/datasets/reanalysis-datasets/era5" /nobackup_1/users/sager/CX/TMP/monthly/1950/era5_195001_tp.nc /nobackup_1/users/sager/CX/TMP/monthly/1950/era5_195001_tp_atted.nc\nFri Feb 26 12:29:45 2021: cdo -O -v -s -r -b 32 -f nc4 -z zip setgridtype,regular -mulc,1000.0 -setname,tp -settaxis,1950-01-15,0:00,1mon /nobackup_1/users/sager/CX/TMP/monthly/1950/era5_195001_TP.grb /nobackup_1/users/sager/CX/TMP/monthly/1950/era5_195001_tp.nc
# ave_region :: lon=  353.875  355.125, lat=   29.875   31.125
# averaging anomalies over region lon=  353.875  355.125, lat=   29.875   31.125
# tp [mm/dy] Precipitation
 1950  0.1360132      0.2514696E-01  0.6072024E-03  0.1425876      0.1879790      0.1289089E-01  0.2039377E-01  0.9455971E-01  0.2404575       1.306864      0.3947530E-01  0.2978975E-02
 1951  0.6091170E-01  0.7375529E-01  0.1982521E-01  0.4052332E-01  0.6839934E-01  0.2497026E-01  0.6165092E-02  0.2432361E-02  0.3202508       1.202002      0.5783368      0.2463998    
 1952  0.4318842      0.3570681E-02  0.1442700E-02  0.1778998      0.4668172E-01  0.1076372E-01  0.1496258E-01  0.7069149E-01  0.6873748E-01  0.1643292E-01  0.1560605      0.5094603E-02
 1953  0.2324558      0.1899263E-01  0.5723335      0.7824462E-02  0.3019430E-01  0.8511107E-02  0.7405161E-02  0.3800249E-01  0.6918838      0.6606776E-01  0.5805604       1.084170    
 1954  0.7497596E-01  0.1415121      0.4392003E-01  0.3129432      0.1125338E-01  0.1948932E-01  0.1384048E-01  0.8829635E-02  0.1765811E-01  0.2565924E-01   1.614292      0.2068035    
 1955  0.2742527      0.1423257E-01  0.9202027E-01  0.5900372      0.5003480E-01  0.1153612      0.1256729E-01  0.1248022      0.3199368E-01  0.8945681      0.7269269E-01   1.092234    
 1956  0.8734021      0.3744657      0.3267612      0.1596445E-01  0.1409435      0.3571645E-02  0.1370544E-02  0.4417010E-02  0.4290327E-01  0.2420297      0.1538795      0.4797496E-01
 1957  0.4441172E-01  0.6584275E-02  0.1884312E-01  0.2347258      0.3725751E-01  0.8907159E-02  0.1250909E-01  0.8723111E-01  0.1566822       1.116989      0.3748381      0.8843210    
 1958  0.2842728      0.7628378E-01  0.5466011E-02  0.4235517E-01  0.1345408E-01  0.4103301E-01  0.4172728E-01  0.1976765E-01  0.2934840E-01  0.1294149      0.5499133      0.4991368    
 1959  0.2499534      0.3971353      0.2985477      0.2813625E-02  0.2923426E-01  0.1556899E-01  0.6696876E-01  0.3315967      0.6106732      0.7560177      0.1691870      0.1366205E-02
 1960  0.2721027      0.7515908E-02  0.3882218      0.1739882      0.3642675E-01  0.2715966      0.1470377      0.3617915E-01  0.5071253E-01  0.7524614E-02  0.7804167E-01  0.9011663    
 1961  0.1521244      0.4713123E-01  0.1396621      0.1367886E-01  0.5483901E-02  0.2516098      0.3740144E-02  0.4028679E-01  0.1197951      0.2084325E-01  0.7243162E-01  0.1930286    
 1962  0.1008503      0.1111353      0.2587556      0.5440301E-01  0.5192806E-01  0.3055080E-01  0.1057934E-01  0.2667881E-01  0.5154292      0.1039882      0.3825201      0.7781836    
 1963  0.5897129      0.2397845      0.4649475      0.7610502      0.2337175      0.1287024E-01  0.2497528E-01  0.4904268E-01  0.4348595E-01  0.7590029E-03  0.2870803E-01  0.2897946    
 1964  0.4091314      0.7225207E-01  0.7590029E-04  0.1018817      0.1120755      0.2295779E-01  0.1406560E-01  0.4603814E-01  0.5301875E-01  0.8502615E-02  0.7079024E-02  0.5233160    
 1965  0.4003581      0.8656995      0.1999473E-01  0.5121593      0.5118793E-01  0.1338411      0.2501296E-01  0.2378038      0.3929906       1.731955       2.329377      0.6052143E-01
 1966  0.4587446E-02   0.000000      0.2750356      0.3742355E-01  0.1511527      0.2380573E-01  0.1293272E-02  0.3009925E-01  0.4997237      0.7146838E-02   1.150370      0.8976881E-02
 1967  0.5119869E-01  0.7992195      0.8013467E-01  0.2027120      0.3539732      0.7307769E-01  0.1515592E-01  0.3938250E-01  0.3807707      0.5972015       1.531672      0.1658410    
 1968  0.5521790E-01  0.1096364      0.1227897      0.3091593      0.1066824      0.6452405E-01  0.1432452      0.1709091      0.1956377      0.1548569      0.1675914      0.3821845    
 1969  0.5172263      0.4809469      0.4276110E-01  0.2419919      0.1770337      0.2988025E-01  0.9885716E-01  0.8377952E-01  0.9952319E-01  0.1410408      0.5724313      0.3358149E-01
 1970  0.1562968      0.1092675      0.1501682      0.4194573E-01  0.4593381E-01  0.1353748E-01  0.2533838E-01  0.2596691E-01  0.1999309       1.581733      0.7005709      0.4876866    
 1971  0.1070035E-01  0.1701103      0.1263680      0.1393889      0.2886128E-01  0.3252477E-01  0.7263546E-01  0.1115647      0.4527565      0.7721313      0.5771313      0.1590164    
 1972  0.2642777E-01  0.2222511      0.1001979      0.7458726      0.1775204      0.9843623E-01  0.1225426E-01  0.6350443E-01  0.3866136E-01  0.3039093       1.032873      0.7372871    
 1973  0.1725749      0.3316222      0.1070201      0.7231844E-01  0.3586068E-01  0.1289504      0.7768234E-02  0.1432866      0.7796894E-01  0.1214603E-02   1.039862      0.3227107    
 1974  0.2277009E-03  0.4590939E-01  0.4206522      0.1715989      0.4481392E-01  0.9258261E-01  0.4992532E-01  0.5933842E-01  0.4772015      0.1164072E-01  0.2317956      0.1364143    
 1975  0.5019227E-01  0.6653185E-02  0.8349032E-03   1.329813      0.1454341      0.1609796E-01  0.1448252E-01  0.8321507E-01  0.2700056E-01  0.2674027E-01  0.1512386E-01  0.3966564    
 1976  0.6030668      0.4489037      0.1627790      0.8380932E-01  0.4277648      0.4944829E-01  0.2044131E-01  0.2074847E-01  0.4192540      0.6167465E-01  0.2572503E-01  0.3528519    
 1977  0.4018795      0.1723531E-01  0.6273253E-01  0.7046977      0.1261874      0.9867038E-03  0.7590029E-03  0.1859745E-01  0.3902270      0.1384404      0.1919748      0.5989248    
 1978  0.7727920      0.6535447E-01  0.1214405E-02  0.1975738E-01  0.6081290E-02  0.5771198E-02  0.1027714E-01  0.1020394      0.3673346E-01  0.1862014      0.6617392E-01  0.5177700E-01
 1979   2.191960      0.3819770E-01  0.9476711E-01  0.1201770E-01  0.3425800E-01  0.5549768E-01  0.5853025E-02  0.1805510E-01  0.2831794       4.272766      0.1006359      0.3927136E-01
 1980  0.2558306      0.5985585      0.8573757      0.1103233      0.2097292E-01  0.2992931E-01  0.7155128E-02  0.1033898      0.2267229      0.5345042E-01  0.3774261      0.5816724    
 1981  0.2147621E-01  0.3436822      0.5631783E-02  0.1103608E-01  0.1616223      0.8087370E-01  0.6230056E-01  0.1682605E-01  0.7230042E-01  0.2868985E-01  0.5562815E-01  0.9121812E-03
 1982  0.3263133      0.2102824      0.1086773      0.3833662      0.4762059      0.6691043E-02  0.4952153E-01  0.6114531E-01  0.8711878E-01  0.9537106E-01  0.1625719      0.6310164E-02
 1983  0.3518271E-01  0.7493256E-01  0.1277419      0.4417787E-01  0.1014678      0.1597431E-01  0.3023537E-01  0.1477849      0.6910765E-01  0.1054011      0.1455782      0.2248323E-02
 1984  0.3066220      0.6152661E-02  0.4583555E-01  0.1465607E-01  0.3200594E-01  0.1957196E-01  0.5315003E-03  0.2410288E-01  0.1424846      0.6011107E-02  0.6770783      0.1350786    
 1985  0.8848817      0.3132904      0.1413816E-01  0.6083456      0.9512537      0.2355877E-01  0.3469057E-01  0.6438749E-01  0.1687793      0.3677701      0.5104254      0.6210887    
 1986  0.1076496      0.2192381      0.5246568E-01  0.3492008E-02  0.5131506E-01  0.1097234      0.4470760E-01  0.5077688E-01  0.2998283       1.352700      0.1550787      0.2709161E-01
 1987  0.2648669      0.2985883E-01  0.3433255      0.5044907E-01  0.2233524      0.1408014      0.1874464E-01  0.3847959E-01  0.2344089      0.1849317      0.3013465      0.2456678    
 1988  0.4018266       1.050193      0.6174529      0.1919599      0.2240346E-01  0.1509036E-01  0.7464839E-02  0.1868028E-01  0.9530544E-01  0.3785070       1.614631       0.000000    
 1989  0.5560967E-01   1.239641      0.9482332E-01  0.3715352E-01  0.3082000E-01  0.1525232      0.7285739E-01  0.1421767      0.1716476      0.7902760       1.313873       2.076823    
 1990  0.1872906       0.000000      0.3325024      0.1559013      0.8961282E-01  0.1807698E-01  0.4484471E-01  0.1189528      0.2004597      0.1173690E-01  0.2705504E-01  0.4349347    
 1991  0.1777551E-01  0.4287566      0.1722285      0.6237131      0.7163785E-01  0.1483061      0.1364163      0.9834944E-01  0.8962648E-01  0.2859528      0.5667093E-01  0.8504248    
 1992  0.2059914E-02  0.7884105      0.1966541      0.6095869E-01  0.1992318      0.1868908E-01  0.2496270E-01  0.8200857E-01  0.6377345E-01  0.2957034      0.2582181E-01  0.7187842    
 1993  0.1538037       1.053828      0.4803153E-01  0.4949465E-02  0.1140892E-01  0.1371308E-02  0.3233226E-01  0.4796524E-01  0.2983969E-01  0.6361164       1.487404      0.9484091E-01
 1994  0.5239688      0.5543127E-01  0.2463713      0.1602700E-01  0.2594624E-01  0.5665214E-01  0.1044022E-01  0.4349721E-01  0.2656744E-01   2.994219      0.1092388      0.5942466E-02
 1995  0.6090351E-02  0.6183486E-01  0.2995788      0.5252061      0.3255784E-01  0.9650791E-02  0.1326885E-01  0.9920454E-01  0.1022095      0.1466527      0.3974815E-01  0.6225240    
 1996  0.3882259       1.029132      0.8511387      0.8212248E-01  0.5417495E-01   1.172785      0.1869303      0.1683608E-01  0.2068988E-01  0.2120417E-01  0.1739557E-01  0.3192481    
 1997  0.2938881      0.1741236E-01  0.1168900      0.3480737      0.5112077E-01  0.4554018E-03  0.4800268E-02  0.3550887      0.1544565      0.1253600E-01  0.1217745E-02  0.1646964E-01
 1998  0.3755132       1.401256      0.6830820E-01  0.1969392E-01  0.1383360E-01  0.5008710E-01  0.1994857E-01  0.5877601E-01  0.1436546      0.7921602E-02  0.5799113E-02  0.3588842E-01
 1999  0.5096143      0.2511331      0.1546534      0.3039180E-02  0.3233448E-01  0.4248028E-01  0.3704984E-01  0.2223575      0.8528876E-01   1.335845      0.1726782E-01  0.3781223E-01
 2000  0.2343901E-01  0.2189824E-01  0.5348808E-01  0.6164033E-01  0.6041288      0.3338849E-01  0.1768683E-01  0.7816208E-01  0.3897432E-02  0.1300480      0.2981666E-01  0.4071277E-01
 2001  0.1746103E-02  0.2052865E-02  0.4410212E-01  0.8436157E-02  0.3118984E-01  0.1948068E-01  0.1774484E-01  0.5519910E-01  0.4301877E-01  0.1830257      0.5961974E-01  0.1391059    
 2002  0.2084501E-01  0.5988145E-01  0.4609675      0.5971372      0.2287980      0.1325725E-01  0.5857305E-02  0.9028321E-01  0.6923056E-01  0.2411671E-01  0.1077319      0.3163215    
 2003  0.4252784E-02  0.3929527E-01  0.2046823      0.1506093E-01  0.7410135E-01  0.8497712E-01  0.9396175E-01  0.1381306      0.1181622       1.585202      0.8235393E-01  0.2628027E-01
 2004  0.1158488E-01  0.5721026      0.2169147      0.8336736E-01  0.9800738E-01  0.9434894E-01  0.5578769E-01  0.5398561E-01  0.3028396E-01  0.5691572E-01  0.7728677      0.1733294    
 2005  0.2495123E-01  0.2185759      0.5063669E-01  0.3579511E-02  0.2664733E-01  0.1658413      0.4879117E-02  0.7355532E-01  0.5664469E-01  0.1647665      0.3613763      0.3985325    
 2006  0.8384804      0.6412958      0.2292404E-01  0.8057330E-01  0.2407736      0.3132177E-01  0.1233145      0.1942502E-01  0.2193375       1.232162      0.5899270      0.7742118    
 2007  0.1842048      0.2011957      0.1624741E-01  0.1015384      0.6081753E-01  0.1524890E-02  0.4436943E-01  0.4643448E-01  0.3227038E-01  0.2479580      0.1544632      0.1407431    
 2008  0.2171937E-01  0.7352014      0.3833247E-01  0.3585764E-01  0.4960894E-01  0.2182380E-01  0.5227837E-01  0.6987487E-01  0.3254082       1.284991      0.3824345      0.1586193    
 2009  0.3663407      0.3369085      0.7631313      0.1831114E-01  0.2769948E-01  0.1791093      0.5367639E-01  0.3517782E-01  0.3220034      0.1353120E-01  0.6977794E-01  0.1139746    
 2010  0.1094624       1.480986      0.1829497      0.5352291E-01  0.9252053E-01  0.1594699E-02  0.1044164      0.1873005      0.1526135      0.8905672E-01  0.9821561E-01  0.1585093E-01
 2011  0.2417642E-01  0.1023408E-01  0.2302111      0.2402632      0.4606014      0.2095378      0.2347422E-01  0.1127613      0.3854304E-01  0.5848188      0.2575411      0.5927926E-02
 2012  0.6391735E-01  0.2506509E-01  0.2325051      0.4778807      0.6186390E-02  0.6578264E-01  0.3277712E-01  0.7684845E-01  0.9540979E-01  0.3172578      0.5602485E-01  0.4174516E-03
 2013  0.1518006E-03  0.1833328E-01  0.6543357      0.2573134E-01  0.2485429E-01  0.2289770E-01  0.5806800E-01  0.5571013E-01  0.2723714      0.6059949E-01  0.6934530E-01  0.2891655E-01
 2014  0.3491999      0.2222811E-01  0.1827754      0.1161967E-01  0.1094323      0.1025658E-01  0.2304471E-01  0.6599892E-01   1.462854      0.7981396E-01   3.078000      0.2841395E-01
 2015  0.8716291E-01  0.6547899      0.9974743E-01  0.7085291E-01  0.8480111E-01  0.1877969E-01  0.8741619E-01  0.2169552      0.3724823      0.1521161      0.1118121E-01  0.1231912E-01
 2016  0.9389666E-02  0.1597647E-01  0.9069144E-01  0.1518006E-03  0.3551564      0.2783111E-01  0.4862066E-01  0.1279337      0.2460603      0.6737513      0.2019597      0.1906292    
 2017  0.1094172E-01  0.2011167      0.4055066E-01  0.3906484E-01  0.5067869E-01  0.1501469      0.1402082E-01  0.9846413E-01  0.7641315E-01  0.1539937      0.1062999E-02  0.4569554    
 2018  0.6712667      0.1055094      0.1591945      0.5314779E-01  0.1938384      0.4858016E-02  0.4266944E-02  0.3383020       1.257150      0.1371267      0.2571868       0.000000    
 2019  0.4559363E-02  0.3093398E-01  0.6884890      0.1159640      0.1673833      0.2002824E-01  0.4643073E-01  0.1741710      0.2978394      0.6638472E-01  0.1520952E-02  0.4339992    
 2020  0.1003479      0.1063983E-02  0.1586275      0.2714261      0.2998534E-01  0.8220141E-02  0.4910176E-01  0.7629424E-01  0.3939377      0.2806123      0.2344822      0.1107812E-01
 2021  0.9876127E-01  0.2230486      0.2045473      0.5134563E-01  0.4798165E-01  0.5370108E-01  0.3503027E-02  0.2429160E-01  0.4181978E-01  0.3040726E-01   1.262814      0.7184009E-01
 2022  0.5685874      0.4628984      0.1487360      0.1483835E-01  0.5471020E-01  0.1071519      0.3848097E-01  0.3774241E-01  0.3464214      0.9509213E-01  0.1215782E-02  0.7339778E-01
 2023  0.1533019E-01   1.850232      0.2175241E-01  0.3435981E-01  0.8423882E-01  0.6394547E-02  0.1314554E-01  0.3739106E-01  0.1363824      0.4799665E-01  0.1973408E-02  0.2288861E-03
 2024  0.4563873E-03  0.2645165E-01  0.2554262E-01  0.4156302E-01  0.7854915E-02  0.9067349E-02  0.3391913E-01  0.7563995E-01   2.138068      0.5482321      0.1383052      0.1169946    
 2025  0.5561922E-02  0.1116575      0.1044482      0.6292868      0.7280373E-01  0.7826756E-01  0.3175940E-01  0.3132895E-01  0.2757088      0.1188102E-01  0.2877911E-01   1.061160    
 2026  0.1824142      0.2604834E-01  0.8723569      0.8436071E-02  0.1160058      -999.9000      -999.9000      -999.9000      -999.9000      -999.9000      -999.9000      -999.9000    
