# using year1  1950
# using year2  2026
# minimal_valid_fraction ::  30.00
# operating on 
# <a href=http://climexp.knmi.nl/select.cgi?field=era5_tp>climexp.knmi.nl/select.cgi?field=era5_tp</a>
# file :: /data/climexp_data_collection/ERA5/era5_tp.nc
# cdi :: Climate Data Interface version 2.5.3 (https://mpimet.mpg.de/cdi)
# institution :: KNMI Climate Explorer and European Centre for Medium-Range Weather Forecasts
# cdo :: Climate Data Operators version 2.5.3 (https://mpimet.mpg.de/cdo)
# geospatial_lat_max ::     90.1
# geospatial_lon_min ::     -0.1
# geospatial_lon_units :: degrees_east
# geospatial_lon_resolution ::      0.2
# time_coverage_start :: 1950-01-15
# time_coverage_end :: 2026-05-15
# climexp_url :: https://climexp.knmi.nl/select.cgi?era5_tp
# nco :: netCDF Operators version 5.3.3 (Homepage = http://nco.sf.net, Code = http://github.com/nco/nco, Citation = 10.1016/j.envsoft.2008.03.004)
# scripturl01 :: http://climexp.knmi.nl/get_index.cgi?delta_lat=0.25&delta_lon=0.25&email=someone@somewhere&field=era5_tp&gridpoints=false&intertype=nearest&lat1=40&lat2=41&lat_max=90.00&lat_min=-90.00&lon1=-4&lon2=-3&lon_max=359.75&lon_min=0.00&masktype=all&year1=1950&year2=2026&year_max=2026&year_min=1950
# history ::  2026-06-28  9:31:40 bin/get_index /data/climexp_data_collection/ERA5/era5_tp.nc -4 -3 40 41 dipole no year1 1950 year2 2026 minfac 30 nearest lsmask /data/climexp_data_collection/ERA5/era5_000000_lsm-025.nc all nomissing era5_tp_-4--3E_40-41N_1950-2026_n\nSat Jun  6 08:38:11 2026: ncatted -a cell_methods,tp,d,, era5_tp.nc\nSat Jun 06 08:36:47 2026: cdo -r -f nc4 -z zip -O mergetime /net/pc230042/nobackup/users/sager/nobackup_2_old/ERA5/1950/mon/era5_tp_195001-195012.nc /net/pc230042/nobackup/users/sager/nobackup_2_old/ERA5/1951/mon/era5_tp_195101-195112.nc /net/pc230042/nobackup/users/sager/nobackup_2_old/ERA5/1952/mon/era5_tp_195201-195212.nc /net/pc230042/nobackup/users/sager/nobackup_2_old/ERA5/1953/mon/era5_tp_195301-195312.nc /net/pc230042/nobackup/users/sager/nobackup_2_old/ERA5/1954/mon/era5_tp_195401-195412.nc /net/pc230042/nobackup/users/sager/nobackup_2_old/ERA5/1955/mon/era5_tp_195501-195512.nc /net/pc230042/nobackup/users/sager/nobackup_2_old/ERA5/1956/mon/era5_tp_195601-195612.nc /net/pc230042/nobackup/users/sager/nobackup_2_old/ERA5/1957/mon/era5_tp_195701-195712.nc /net/pc230042/nobackup/users/sager/nobackup_2_old/ERA5/1958/mon/era5_tp_195801-195812.nc /net/pc230042/nobackup/users/sager/nobackup_2_old/ERA5/1959/mon/era5_tp_195901-195912.nc /net/pc230042/nobackup/users/sager/nobackup_2_old/ERA5/1960/mon/era5_tp_196001-196012.nc /net/pc230042/nobackup/users/sager/nobackup_2_old/ERA5/1961/mon/era5_tp_196101-196112.nc /net/pc230042/nobackup/users/sager/nobackup_2_old/ERA5/1962/mon/era5_tp_196201-196212.nc /net/pc230042/nobackup/users/sager/nobackup_2_old/ERA5/1963/mon/era5_tp_196301-196312.nc /net/pc230042/nobackup/users/sager/nobackup_2_old/ERA5/1964/mon/era5_tp_196401-196412.nc /net/pc230042/nobackup/users/sager/nobackup_2_old/ERA5/1965/mon/era5_tp_196501-196512.nc /net/pc230042/nobackup/users/sager/nobackup_2_old/ERA5/1966/mon/era5_tp_196601-196612.nc /net/pc230042/nobackup/users/sager/nobackup_2_old/ERA5/1967/mon/era5_tp_196701-196712.nc /net/pc230042/nobackup/users/sager/nobackup_2_old/ERA5/1968/mon/era5_tp_196801-196812.nc /net/pc230042/nobackup/users/sager/nobackup_2_old/ERA5/1969/mon/era5_tp_196901-196912.nc /net/pc230042/nobackup/users/sager/nobackup_2_old/ERA5/1970/mon/era5_tp_197001-197012.nc /net/pc230042/nobackup/users/sager/nobackup_2_old/ERA5/1971/mon/era5_tp_197101-197112.nc /net/pc230042/nobackup/users/sager/nobackup_2_old/ERA5/1972/mon/era5_tp_197201-197212.nc /net/pc230042/nobackup/users/sager/nobackup_2_old/ERA5/1973/mon/era5_tp_197301-197312.nc /net/pc230042/nobackup/users/sager/nobackup_2_old/ERA5/1974/mon/era5_tp_197401-197412.nc /net/pc230042/nobackup/users/sager/nobackup_2_old/ERA5/1975/mon/era5_tp_197501-197512.nc /net/pc230042/nobackup/users/sager/nobackup_2_old/ERA5/1976/mon/era5_tp_197601-197612.nc /net/pc230042/nobackup/users/sager/nobackup_2_old/ERA5/1977/mon/era5_tp_197701-197712.nc /net/pc230042/nobackup/users/sager/nobackup_2_old/ERA5/1978/mon/era5_tp_197801-197812.nc /net/pc230042/nobackup/users/sager/nobackup_2_old/ERA5/1979/mon/era5_tp_197901-197912.nc /net/pc230042/nobackup/users/sager/nobackup_2_old/ERA5/1980/mon/era5_tp_198001-198012.nc /net/pc230042/nobackup/users/sager/nobackup_2_old/ERA5/1981/mon/era5_tp_198101-198112.nc /net/pc230042/nobackup/users/sager/nobackup_2_old/ERA5/1982/mon/era5_tp_198201-198212.nc /net/pc230042/nobackup/users/sager/nobackup_2_old/ERA5/1983/mon/era5_tp_198301-198312.nc /net/pc230042/nobackup/users/sager/nobackup_2_old/ERA5/1984/mon/era5_tp_198401-198412.nc /net/pc230042/nobackup/users/sager/nobackup_2_old/ERA5/1985/mon/era5_tp_198501-198512.nc /net/pc230042/nobackup/users/sager/nobackup_2_old/ERA5/1986/mon/era5_tp_198601-198612.nc /net/pc230042/nobackup/users/sager/nobackup_2_old/ERA5/1987/mon/era5_tp_198701-198712.nc /net/pc230042/nobackup/users/sager/nobackup_2_old/ERA5/1988/mon/era5_tp_198801-198812.nc /net/pc230042/nobackup/users/sager/nobackup_2_old/ERA5/1989/mon/era5_tp_198901-198912.nc /net/pc230042/nobackup/users/sager/nobackup_2_old/ERA5/1990/mon/era5_tp_199001-199012.nc /net/pc230042/nobackup/users/sager/nobackup_2_old/ERA5/1991/mon/era5_tp_199101-199112.nc /net/pc230042/nobackup/users/sager/nobackup_2_old/ERA5/1992/mon/era5_tp_199201-199212.nc /net/pc230042/nobackup/users/sager/nobackup_2_old/ERA5/1993/mon/era5_tp_199301-199312.nc /net/pc230042/nobackup/users/sager/nobackup_2_old/ERA5/1994/mon/era5_tp_199401-199412.nc /net/pc230042/nobackup/users/sager/nobackup_2_old/ERA5/1995/mon/era5_tp_199501-199512.nc /net/pc230042/nobackup/users/sager/nobackup_2_old/ERA5/1996/mon/era5_tp_199601-199612.nc /net/pc230042/nobackup/users/sager/nobackup_2_old/ERA5/1997/mon/era5_tp_199701-199712.nc /net/pc230042/nobackup/users/sager/nobackup_2_old/ERA5/1998/mon/era5_tp_199801-199812.nc /net/pc230042/nobackup/users/sager/nobackup_2_old/ERA5/1999/mon/era5_tp_199901-199912.nc /net/pc230042/nobackup/users/sager/nobackup_2_old/ERA5/2000/mon/era5_tp_200001-200012.nc /net/pc230042/nobackup/users/sager/nobackup_2_old/ERA5/2001/mon/era5_tp_200101-200112.nc /net/pc230042/nobackup/users/sager/nobackup_2_old/ERA5/2002/mon/era5_tp_200201-200212.nc /net/pc230042/nobackup/users/sager/nobackup_2_old/ERA5/2003/mon/era5_tp_200301-200312.nc /net/pc230042/nobackup/users/sager/nobackup_2_old/ERA5/2004/mon/era5_tp_200401-200412.nc /net/pc230042/nobackup/users/sager/nobackup_2_old/ERA5/2005/mon/era5_tp_200501-200512.nc /net/pc230042/nobackup/users/sager/nobackup_2_old/ERA5/2006/mon/era5_tp_200601-200612.nc /net/pc230042/nobackup/users/sager/nobackup_2_old/ERA5/2007/mon/era5_tp_200701-200712.nc /net/pc230042/nobackup/users/sager/nobackup_2_old/ERA5/2008/mon/era5_tp_200801-200812.nc /net/pc230042/nobackup/users/sager/nobackup_2_old/ERA5/2009/mon/era5_tp_200901-200912.nc /net/pc230042/nobackup/users/sager/nobackup_2_old/ERA5/2010/mon/era5_tp_201001-201012.nc /net/pc230042/nobackup/users/sager/nobackup_2_old/ERA5/2011/mon/era5_tp_201101-201112.nc /net/pc230042/nobackup/users/sager/nobackup_2_old/ERA5/2012/mon/era5_tp_201201-201212.nc /net/pc230042/nobackup/users/sager/nobackup_2_old/ERA5/2013/mon/era5_tp_201301-201312.nc /net/pc230042/nobackup/users/sager/nobackup_2_old/ERA5/2014/mon/era5_tp_201401-201412.nc /net/pc230042/nobackup/users/sager/nobackup_2_old/ERA5/2015/mon/era5_tp_201501-201512.nc /net/pc230042/nobackup/users/sager/nobackup_2_old/ERA5/2016/mon/era5_tp_201601-201612.nc /net/pc230042/nobackup/users/sager/nobackup_2_old/ERA5/2017/mon/era5_tp_201701-201712.nc /net/pc230042/nobackup/users/sager/nobackup_2_old/ERA5/2018/mon/era5_tp_201801-201812.nc /net/pc230042/nobackup/users/sager/nobackup_2_old/ERA5/2019/mon/era5_tp_201901-201912.nc /net/pc230042/nobackup/users/sager/nobackup_2_old/ERA5/2020/mon/era5_tp_202001-202012.nc /net/pc230042/nobackup/users/sager/nobackup_2_old/ERA5/2021/mon/era5_tp_202101-202112.nc /net/pc230042/nobackup/users/sager/nobackup_2_old/ERA5/2022/mon/era5_tp_202201-202212.nc /net/pc230042/nobackup/users/sager/nobackup_2_old/ERA5/2023/mon/era5_tp_202301-202312.nc /net/pc230042/nobackup/users/sager/nobackup_2_old/ERA5/2024/mon/era5_tp_202401-202412.nc /net/pc230042/nobackup/users/sager/nobackup_2_old/ERA5/2025/mon/era5_tp_202501-202512.nc /net/pc230042/nobackup/users/sager/nobackup_2_old/ERA5/2026/mon/era5_tp_202601-202612.nc era5_tp.nc\nFri Feb 26 12:33:50 2021: cdo -O -z zip copy era5_195001_tp.nc era5_195002_tp.nc era5_195003_tp.nc era5_195004_tp.nc era5_195005_tp.nc era5_195006_tp.nc era5_195007_tp.nc era5_195008_tp.nc era5_195009_tp.nc era5_195010_tp.nc era5_195011_tp.nc era5_195012_tp.nc /nobackup_2/users/sager/ERA5/1950/mon/era5_tp_195001-195012.nc\nFri Feb 26 12:29:45 2021: ncatted -O -a long_name,tp,m,c,Precipitation -a standard_name,tp,m,c,precipitation_flux -a units,tp,m,c,mm/dy -a title,global,m,c,"ERA5 reanalysis, https://www.ecmwf.int/en/forecasts/datasets/reanalysis-datasets/era5" /nobackup_1/users/sager/CX/TMP/monthly/1950/era5_195001_tp.nc /nobackup_1/users/sager/CX/TMP/monthly/1950/era5_195001_tp_atted.nc\nFri Feb 26 12:29:45 2021: cdo -O -v -s -r -b 32 -f nc4 -z zip setgridtype,regular -mulc,1000.0 -setname,tp -settaxis,1950-01-15,0:00,1mon /nobackup_1/users/sager/CX/TMP/monthly/1950/era5_195001_TP.grb /nobackup_1/users/sager/CX/TMP/monthly/1950/era5_195001_tp.nc
# ave_region :: lon=  355.875  357.125, lat=   39.875   41.125
# averaging anomalies over region lon=  355.875  357.125, lat=   39.875   41.125
# tp [mm/dy] Precipitation
 1950  0.5104222       1.326639      0.6727527      0.6705985       1.530106      0.4368310      0.1434241      0.1631858      0.5548344      0.7833427       1.324012       3.214821    
 1951   2.727945       2.859103       2.858447       2.741249       1.880789      0.7403020      0.5387160      0.5784695       1.296966       1.173704       4.666698      0.9520860    
 1952   1.276815      0.6870007       2.804348       2.120517       2.309552      0.8101115       1.349252       1.302912       1.087816      0.9688141       1.122184       1.541884    
 1953  0.7173471      0.8934090       1.277807       2.174178      0.4441129       1.359197      0.2411313      0.7977161E-01   1.613250       3.226936      0.6503985       2.396818    
 1954  0.7698038      0.9954209       2.506508       1.541370       1.367238      0.9609585      0.9732614E-01  0.2219712      0.2438006      0.3041581       2.210619      0.8745093    
 1955   3.599721       2.865802      0.9225525       1.190638      0.5838974       1.028938      0.2698044      0.2982609      0.3225321       1.902972       1.968628       3.026636    
 1956   2.201631       1.845202       4.998791       2.472274       1.993172      0.6172784      0.8245456E-01  0.3083993      0.8880296      0.8155858      0.7860427      0.6321538    
 1957  0.6646845       1.719552       1.048531       2.650849       2.356956       1.762885      0.8065874E-01  0.1120557       1.094483       2.036864       1.412303       1.733772    
 1958   1.821983       1.063754       2.561425       1.144860       1.211738       1.525903      0.1095636      0.3695603      0.3393775       1.073023      0.3956569       6.270122    
 1959  0.8539415      0.8139008       3.573143       1.439417       2.584295      0.9074386      0.8594475      0.6420117       2.462535       1.964611       3.167907       2.882170    
 1960   2.442752       3.651911       2.771878      0.9830776       1.942374      0.9102507      0.3141561      0.1383324       1.202951       5.650455       2.139229       2.682993    
 1961   1.443879      0.2733465      0.6400896       1.610455       1.650174      0.6807916      0.4132117      0.2680074       2.037699       1.818291       5.081434       1.952780    
 1962   2.124532       1.760563       3.329283       3.111223       1.679134       1.449595      0.5672801E-01  0.5911762E-01   1.478672       1.493691       1.236986       1.732958    
 1963   3.374747       3.829090       1.364777       3.085491       1.031376       1.938709      0.2567192      0.8594132E-01   2.249253      0.4776506       4.481225       3.903103    
 1964  0.2057088       4.061829       1.984804       1.271282       1.083674       1.676464      0.5511395      0.1308828       1.059360      0.7678592      0.9549195       2.007998    
 1965   1.909464       1.647863       2.400265      0.7681406       1.214553      0.7164645      0.9787440E-01  0.3358022       2.346934       4.119380       3.726204       1.666353    
 1966   3.554072       4.156278      0.3402443       2.539984       1.344643       1.230398      0.2947523      0.1378296       1.193061       4.410195       3.266187      0.4256150    
 1967   1.972448       2.118198       1.114397       2.127848       2.113961      0.9954630      0.2008866      0.3766780      0.5873741       1.868791       5.164711      0.3888440    
 1968  0.1818379       3.194413       1.853115       2.641559       1.440388      0.6510172      0.3067924       1.056958      0.4543607      0.5869995       3.552862       2.128671    
 1969   2.088897       2.605176       3.457766       2.890696       2.315338       1.495249      0.7155977      0.7074518       2.317137       2.348992       2.604208       1.501767    
 1970   5.389375      0.5826873       1.199262      0.4481211       1.621133       1.086757      0.5961124      0.4344785      0.2285829      0.6516484       2.037007       1.014539    
 1971   2.620686      0.8060412       2.634459       4.051728       5.926548       2.180914       1.795092       1.835074      0.8450306       1.184093       1.008647       2.036288    
 1972   2.395290       4.705926       2.212537      0.8451561       1.872393       1.668328       1.438119       1.615436       4.268230       4.984887       2.937779       2.441861    
 1973   1.595243      0.5480567       1.041074       1.136503       2.695860       2.375208      0.7215208      0.5695696      0.1772478       1.229156       1.562651       3.072363    
 1974   1.566489       2.083693       2.450053       2.462931      0.8525025       1.621931      0.9528387       1.036454      0.1049184      0.6218631       1.952188      0.3207729    
 1975   1.470253       2.296510       2.199410       3.187927       2.850017       1.847776      0.2251174E-01   1.069970       1.559674      0.2976433      0.6968200       2.399090    
 1976  0.6677082       1.454014      0.8995647       2.748096       1.647813      0.8042946       2.009362       1.455195       2.210925       2.168137       1.330238       3.625570    
 1977   3.435744       2.523036      0.8603469      0.9529672       2.292624       1.876170       1.453840       1.132541      0.6682040       2.732491       1.716250       3.329271    
 1978   1.585610       3.354698       1.194568       2.271951       2.298836       2.460720      0.1307705E-01  0.1036423      0.3153185      0.1296737      0.6459183       3.784393    
 1979   3.278894       3.407442       2.431079       2.129924      0.8255408       1.578145      0.8436403      0.2888329       1.735372       4.650860      0.9425858       1.083254    
 1980  0.7607760       1.588002       1.719946       1.560401       2.725126       1.332906      0.1944628      0.7604232      0.6842493       1.482059       1.698815      0.5259493    
 1981  0.1976033       1.767402       1.003248       4.018128       1.585448      0.9567583      0.6105399       1.072200       1.139722      0.4004275      0.5786749E-01   4.491849    
 1982   1.307848       1.444399      0.8928047       1.606232       2.540332      0.9230087       1.381207      0.8918737       1.428514       1.128827       3.134088      0.9175580    
 1983  0.1654271E-01  0.7464036      0.4106896       2.513513       1.130268      0.7896343      0.4702483       1.973871      0.3329030      0.5242358       3.920809       1.908065    
 1984   1.317183       1.397033       2.731987       1.421887       3.823954       1.546021      0.1825765      0.4152758      0.2816600       1.046208       6.071760      0.4785050    
 1985   2.736376       1.817659      0.7630534       2.308668       1.715578       1.328595      0.3835668      0.3701488E-01  0.2494459      0.1937733       2.155525       2.408678    
 1986   1.259921       3.042944       1.546379       2.370512      0.9392511      0.3885170      0.5152597      0.5894932       2.066914       2.607614       1.183047      0.8171250    
 1987   2.879809       2.354737      0.5731691       2.868372       1.070051      0.6452209       2.026722      0.4939362      0.5982437       3.379153       2.452449       3.107256    
 1988   2.632242      0.7296358      0.2218075       3.996721       2.703206       3.633739      0.6087719      0.3794819E-01  0.1299105       2.752070       2.169110      0.2180959    
 1989  0.4210897       2.067276       1.529504       2.774846       3.614076       1.146124      0.4953447      0.3339719       1.719246      0.4064631       5.510783       5.212244    
 1990   1.314674      0.1758837      0.6428225       2.346700       1.045359      0.3604524      0.3352838      0.4647025       1.584281       2.563637       1.773572      0.9271021    
 1991   1.020763       2.321889       3.249405       2.185168      0.5993141      0.4406556      0.4306065      0.3798893       1.687037       2.667758       1.304373       1.025867    
 1992  0.2941087      0.9433336      0.7812076       1.392210       1.641275       2.838451      0.1799393      0.7363113       1.007774       3.187720      0.2837690       1.578043    
 1993  0.8434313E-01  0.9178408       1.061324       1.966586       3.633351       1.129967      0.2195340      0.2924768      0.7615546       4.038148       2.027176      0.4346920    
 1994   1.458557       1.637580      0.2041570      0.7452769       1.698166      0.3388089      0.1205339      0.2321848      0.8788585       2.048576       1.776602      0.4174591    
 1995   1.302703       1.504566      0.5664656      0.5811814       1.089303       1.492763      0.2890169       1.055821      0.7659041      0.3467368       2.895841       3.252167    
 1996   4.690227       1.622216       1.229851       1.149435       2.677253      0.4070189      0.5107632      0.4627968       1.073833      0.6929011       2.398064       5.903220    
 1997   4.171591      0.1440043      0.2816598E-02   1.747262       3.101501       1.920136       1.820346      0.7683750      0.8460916      0.9765625       6.095572       3.780954    
 1998   1.621505       1.096670      0.6112106       2.369839       3.214321       1.177562      0.2871701      0.5495055       1.625689      0.8438879       1.119428       1.324405    
 1999   1.134738       1.067268       1.377749       1.786042       1.430550       1.038472      0.5740882      0.2402957       1.703840       3.668751       1.131427       1.237668    
 2000  0.6961635      0.9261965E-01   1.157310       3.665844       2.102281      0.5490298      0.2458761      0.1956934      0.5019443       1.580266       3.455967       3.453867    
 2001   3.662350       1.357053       2.767708      0.3097698       1.560446      0.4639799      0.3969595      0.1090823       1.829520       2.160139      0.8280521      0.4533658    
 2002   1.404662      0.3239076       2.335180       2.268439       2.308795       1.017571      0.4003736      0.6241094       1.415491       2.278686       2.970941       2.366232    
 2003   2.293115       2.965110       2.155252       1.894246       1.677417      0.4547968      0.4996958E-01  0.6731818       1.172995       4.493677       2.678252       1.936375    
 2004  0.6210081       2.163919       3.073258       1.903388       3.095719      0.2171191      0.3871129      0.6278878      0.6390520       2.349324      0.5038629       1.023153    
 2005  0.8030170E-01   1.003287      0.7375060       1.240563      0.9046659      0.4172609      0.1383936      0.3773434      0.6076452       2.993832       1.916647       1.151898    
 2006   1.395435       1.914012       1.712029       1.670210      0.8628599       1.137192      0.3077817      0.3932680       1.067998       3.881687       4.129610      0.7806213    
 2007  0.8628162       2.038181      0.9486158       3.003006       3.178495       1.211601      0.3345281E-01   1.264627      0.7837265      0.9803933       1.043419      0.6107575    
 2008   1.145301       1.479475      0.5202879       3.281978       3.321970       1.325082      0.2456205      0.1562478      0.9592155       3.693030      0.8686900       1.927297    
 2009   1.610806       1.649069      0.7971640       1.576657      0.9322031      0.7344726      0.4550026E-01  0.3559332      0.7589952       1.302232      0.8201074       4.350426    
 2010   2.298413       3.120021       2.241461       2.529308       1.433956       1.911448      0.3279010      0.2963195       1.320873       1.590564       1.517156       3.167733    
 2011   1.651307       1.621705       2.610321       2.294842       2.382963      0.6726895      0.1130825      0.4674197      0.1031867       1.264515       2.987412      0.4512654    
 2012  0.4064523      0.3001468      0.4779234       2.790776      0.9684811      0.4368969      0.2889026      0.1462373       2.087976       2.398882       3.383289      0.7856786    
 2013   2.010001       1.830951       4.538077       2.087016       1.777876      0.4500986      0.1965201      0.1926776      0.8023983       2.201748      0.8892288       1.894328    
 2014   3.151669       2.925784       1.301567       1.699563      0.6715508      0.5393872      0.8495185      0.1015196      0.9003943       2.598609       3.661636       1.208261    
 2015   1.252099       1.487531       1.920861       1.238220      0.1723573       1.099523      0.4613656      0.4411824      0.6595860       1.760833       1.241979      0.2456189    
 2016   2.487401       2.263249       1.544919       3.480407       2.385862      0.2920053      0.2606720      0.1209957      0.4449021       2.793587       3.810577       1.332402    
 2017  0.7376329       2.271428       1.098188      0.6706615       1.704063      0.6713551       1.087902       1.344617      0.6254786E-01  0.7772142      0.5732135       1.318404    
 2018   2.198389       2.046798       4.614575       2.698517       1.899409       1.569701      0.1919290      0.2145975      0.6272688       3.069304       2.682160      0.5411833    
 2019  0.8032573      0.3644325      0.4274711       3.940350      0.3468426      0.1836884      0.2408414      0.6502897       2.026332       1.408221       2.586152       2.952867    
 2020   1.199419      0.1548374       2.963988       3.430465       1.588442      0.8610626      0.3581051      0.5378538       1.406948       2.290992       2.348907       1.867010    
 2021   2.368512       1.983503      0.4141562       3.156444      0.8753992       1.495149      0.2911685      0.3985914       1.757624       2.410338       1.617310       1.559144    
 2022  0.3111797      0.4419206       4.573565       2.239150      0.5554310      0.2632511      0.9534491E-01  0.6033272       1.359119       1.704733       2.140884       4.094806    
 2023   1.242854      0.3490220      0.4323401      0.3345678       1.902118       2.468896      0.1296729      0.4938619E-01   3.452118       4.053323       1.541190       1.169850    
 2024   2.605717       1.854223       4.379610      0.5967181      0.9534490       1.906243      0.1615112      0.5830470       1.082982       4.692184      0.8100504      0.3234023    
 2025   2.152034      0.9053751       6.512996       3.140473       2.530045      0.8099530      0.1840399      0.2356184      0.3524970       1.434085       2.724262       1.873541    
 2026   3.467460       3.811571       1.621549       1.468296       1.586662      -999.9000      -999.9000      -999.9000      -999.9000      -999.9000      -999.9000      -999.9000    
