# using year1  1950
# using year2  2026
# minimal_valid_fraction ::  30.00
# operating on 
# <a href=http://climexp.knmi.nl/select.cgi?field=era5_tp>climexp.knmi.nl/select.cgi?field=era5_tp</a>
# file :: /data/climexp_data_collection/ERA5/era5_tp.nc
# cdi :: Climate Data Interface version 2.5.3 (https://mpimet.mpg.de/cdi)
# institution :: KNMI Climate Explorer and European Centre for Medium-Range Weather Forecasts
# cdo :: Climate Data Operators version 2.5.3 (https://mpimet.mpg.de/cdo)
# geospatial_lat_max ::     90.1
# geospatial_lon_min ::     -0.1
# geospatial_lon_units :: degrees_east
# geospatial_lon_resolution ::      0.2
# time_coverage_start :: 1950-01-15
# time_coverage_end :: 2026-05-15
# climexp_url :: https://climexp.knmi.nl/select.cgi?era5_tp
# nco :: netCDF Operators version 5.3.3 (Homepage = http://nco.sf.net, Code = http://github.com/nco/nco, Citation = 10.1016/j.envsoft.2008.03.004)
# scripturl01 :: http://climexp.knmi.nl/get_index.cgi?delta_lat=0.25&delta_lon=0.25&email=someone@somewhere&field=era5_tp&gridpoints=false&intertype=nearest&lat1=38&lat2=39&lat_max=90.00&lat_min=-90.00&lon1=-9&lon2=-8&lon_max=359.75&lon_min=0.00&masktype=all&year1=1950&year2=2026&year_max=2026&year_min=1950
# history ::  2026-08-02 22:42:27 bin/get_index /data/climexp_data_collection/ERA5/era5_tp.nc -9 -8 38 39 dipole no year1 1950 year2 2026 minfac 30 nearest lsmask /data/climexp_data_collection/ERA5/era5_000000_lsm-025.nc all nomissing era5_tp_-9--8E_38-39N_1950-2026_n\nSat Jun  6 08:38:11 2026: ncatted -a cell_methods,tp,d,, era5_tp.nc\nSat Jun 06 08:36:47 2026: cdo -r -f nc4 -z zip -O mergetime /net/pc230042/nobackup/users/sager/nobackup_2_old/ERA5/1950/mon/era5_tp_195001-195012.nc /net/pc230042/nobackup/users/sager/nobackup_2_old/ERA5/1951/mon/era5_tp_195101-195112.nc /net/pc230042/nobackup/users/sager/nobackup_2_old/ERA5/1952/mon/era5_tp_195201-195212.nc /net/pc230042/nobackup/users/sager/nobackup_2_old/ERA5/1953/mon/era5_tp_195301-195312.nc /net/pc230042/nobackup/users/sager/nobackup_2_old/ERA5/1954/mon/era5_tp_195401-195412.nc /net/pc230042/nobackup/users/sager/nobackup_2_old/ERA5/1955/mon/era5_tp_195501-195512.nc /net/pc230042/nobackup/users/sager/nobackup_2_old/ERA5/1956/mon/era5_tp_195601-195612.nc /net/pc230042/nobackup/users/sager/nobackup_2_old/ERA5/1957/mon/era5_tp_195701-195712.nc /net/pc230042/nobackup/users/sager/nobackup_2_old/ERA5/1958/mon/era5_tp_195801-195812.nc /net/pc230042/nobackup/users/sager/nobackup_2_old/ERA5/1959/mon/era5_tp_195901-195912.nc /net/pc230042/nobackup/users/sager/nobackup_2_old/ERA5/1960/mon/era5_tp_196001-196012.nc /net/pc230042/nobackup/users/sager/nobackup_2_old/ERA5/1961/mon/era5_tp_196101-196112.nc /net/pc230042/nobackup/users/sager/nobackup_2_old/ERA5/1962/mon/era5_tp_196201-196212.nc /net/pc230042/nobackup/users/sager/nobackup_2_old/ERA5/1963/mon/era5_tp_196301-196312.nc /net/pc230042/nobackup/users/sager/nobackup_2_old/ERA5/1964/mon/era5_tp_196401-196412.nc /net/pc230042/nobackup/users/sager/nobackup_2_old/ERA5/1965/mon/era5_tp_196501-196512.nc /net/pc230042/nobackup/users/sager/nobackup_2_old/ERA5/1966/mon/era5_tp_196601-196612.nc /net/pc230042/nobackup/users/sager/nobackup_2_old/ERA5/1967/mon/era5_tp_196701-196712.nc /net/pc230042/nobackup/users/sager/nobackup_2_old/ERA5/1968/mon/era5_tp_196801-196812.nc /net/pc230042/nobackup/users/sager/nobackup_2_old/ERA5/1969/mon/era5_tp_196901-196912.nc /net/pc230042/nobackup/users/sager/nobackup_2_old/ERA5/1970/mon/era5_tp_197001-197012.nc /net/pc230042/nobackup/users/sager/nobackup_2_old/ERA5/1971/mon/era5_tp_197101-197112.nc /net/pc230042/nobackup/users/sager/nobackup_2_old/ERA5/1972/mon/era5_tp_197201-197212.nc /net/pc230042/nobackup/users/sager/nobackup_2_old/ERA5/1973/mon/era5_tp_197301-197312.nc /net/pc230042/nobackup/users/sager/nobackup_2_old/ERA5/1974/mon/era5_tp_197401-197412.nc /net/pc230042/nobackup/users/sager/nobackup_2_old/ERA5/1975/mon/era5_tp_197501-197512.nc /net/pc230042/nobackup/users/sager/nobackup_2_old/ERA5/1976/mon/era5_tp_197601-197612.nc /net/pc230042/nobackup/users/sager/nobackup_2_old/ERA5/1977/mon/era5_tp_197701-197712.nc /net/pc230042/nobackup/users/sager/nobackup_2_old/ERA5/1978/mon/era5_tp_197801-197812.nc /net/pc230042/nobackup/users/sager/nobackup_2_old/ERA5/1979/mon/era5_tp_197901-197912.nc /net/pc230042/nobackup/users/sager/nobackup_2_old/ERA5/1980/mon/era5_tp_198001-198012.nc /net/pc230042/nobackup/users/sager/nobackup_2_old/ERA5/1981/mon/era5_tp_198101-198112.nc /net/pc230042/nobackup/users/sager/nobackup_2_old/ERA5/1982/mon/era5_tp_198201-198212.nc /net/pc230042/nobackup/users/sager/nobackup_2_old/ERA5/1983/mon/era5_tp_198301-198312.nc /net/pc230042/nobackup/users/sager/nobackup_2_old/ERA5/1984/mon/era5_tp_198401-198412.nc /net/pc230042/nobackup/users/sager/nobackup_2_old/ERA5/1985/mon/era5_tp_198501-198512.nc /net/pc230042/nobackup/users/sager/nobackup_2_old/ERA5/1986/mon/era5_tp_198601-198612.nc /net/pc230042/nobackup/users/sager/nobackup_2_old/ERA5/1987/mon/era5_tp_198701-198712.nc /net/pc230042/nobackup/users/sager/nobackup_2_old/ERA5/1988/mon/era5_tp_198801-198812.nc /net/pc230042/nobackup/users/sager/nobackup_2_old/ERA5/1989/mon/era5_tp_198901-198912.nc /net/pc230042/nobackup/users/sager/nobackup_2_old/ERA5/1990/mon/era5_tp_199001-199012.nc /net/pc230042/nobackup/users/sager/nobackup_2_old/ERA5/1991/mon/era5_tp_199101-199112.nc /net/pc230042/nobackup/users/sager/nobackup_2_old/ERA5/1992/mon/era5_tp_199201-199212.nc /net/pc230042/nobackup/users/sager/nobackup_2_old/ERA5/1993/mon/era5_tp_199301-199312.nc /net/pc230042/nobackup/users/sager/nobackup_2_old/ERA5/1994/mon/era5_tp_199401-199412.nc /net/pc230042/nobackup/users/sager/nobackup_2_old/ERA5/1995/mon/era5_tp_199501-199512.nc /net/pc230042/nobackup/users/sager/nobackup_2_old/ERA5/1996/mon/era5_tp_199601-199612.nc /net/pc230042/nobackup/users/sager/nobackup_2_old/ERA5/1997/mon/era5_tp_199701-199712.nc /net/pc230042/nobackup/users/sager/nobackup_2_old/ERA5/1998/mon/era5_tp_199801-199812.nc /net/pc230042/nobackup/users/sager/nobackup_2_old/ERA5/1999/mon/era5_tp_199901-199912.nc /net/pc230042/nobackup/users/sager/nobackup_2_old/ERA5/2000/mon/era5_tp_200001-200012.nc /net/pc230042/nobackup/users/sager/nobackup_2_old/ERA5/2001/mon/era5_tp_200101-200112.nc /net/pc230042/nobackup/users/sager/nobackup_2_old/ERA5/2002/mon/era5_tp_200201-200212.nc /net/pc230042/nobackup/users/sager/nobackup_2_old/ERA5/2003/mon/era5_tp_200301-200312.nc /net/pc230042/nobackup/users/sager/nobackup_2_old/ERA5/2004/mon/era5_tp_200401-200412.nc /net/pc230042/nobackup/users/sager/nobackup_2_old/ERA5/2005/mon/era5_tp_200501-200512.nc /net/pc230042/nobackup/users/sager/nobackup_2_old/ERA5/2006/mon/era5_tp_200601-200612.nc /net/pc230042/nobackup/users/sager/nobackup_2_old/ERA5/2007/mon/era5_tp_200701-200712.nc /net/pc230042/nobackup/users/sager/nobackup_2_old/ERA5/2008/mon/era5_tp_200801-200812.nc /net/pc230042/nobackup/users/sager/nobackup_2_old/ERA5/2009/mon/era5_tp_200901-200912.nc /net/pc230042/nobackup/users/sager/nobackup_2_old/ERA5/2010/mon/era5_tp_201001-201012.nc /net/pc230042/nobackup/users/sager/nobackup_2_old/ERA5/2011/mon/era5_tp_201101-201112.nc /net/pc230042/nobackup/users/sager/nobackup_2_old/ERA5/2012/mon/era5_tp_201201-201212.nc /net/pc230042/nobackup/users/sager/nobackup_2_old/ERA5/2013/mon/era5_tp_201301-201312.nc /net/pc230042/nobackup/users/sager/nobackup_2_old/ERA5/2014/mon/era5_tp_201401-201412.nc /net/pc230042/nobackup/users/sager/nobackup_2_old/ERA5/2015/mon/era5_tp_201501-201512.nc /net/pc230042/nobackup/users/sager/nobackup_2_old/ERA5/2016/mon/era5_tp_201601-201612.nc /net/pc230042/nobackup/users/sager/nobackup_2_old/ERA5/2017/mon/era5_tp_201701-201712.nc /net/pc230042/nobackup/users/sager/nobackup_2_old/ERA5/2018/mon/era5_tp_201801-201812.nc /net/pc230042/nobackup/users/sager/nobackup_2_old/ERA5/2019/mon/era5_tp_201901-201912.nc /net/pc230042/nobackup/users/sager/nobackup_2_old/ERA5/2020/mon/era5_tp_202001-202012.nc /net/pc230042/nobackup/users/sager/nobackup_2_old/ERA5/2021/mon/era5_tp_202101-202112.nc /net/pc230042/nobackup/users/sager/nobackup_2_old/ERA5/2022/mon/era5_tp_202201-202212.nc /net/pc230042/nobackup/users/sager/nobackup_2_old/ERA5/2023/mon/era5_tp_202301-202312.nc /net/pc230042/nobackup/users/sager/nobackup_2_old/ERA5/2024/mon/era5_tp_202401-202412.nc /net/pc230042/nobackup/users/sager/nobackup_2_old/ERA5/2025/mon/era5_tp_202501-202512.nc /net/pc230042/nobackup/users/sager/nobackup_2_old/ERA5/2026/mon/era5_tp_202601-202612.nc era5_tp.nc\nFri Feb 26 12:33:50 2021: cdo -O -z zip copy era5_195001_tp.nc era5_195002_tp.nc era5_195003_tp.nc era5_195004_tp.nc era5_195005_tp.nc era5_195006_tp.nc era5_195007_tp.nc era5_195008_tp.nc era5_195009_tp.nc era5_195010_tp.nc era5_195011_tp.nc era5_195012_tp.nc /nobackup_2/users/sager/ERA5/1950/mon/era5_tp_195001-195012.nc\nFri Feb 26 12:29:45 2021: ncatted -O -a long_name,tp,m,c,Precipitation -a standard_name,tp,m,c,precipitation_flux -a units,tp,m,c,mm/dy -a title,global,m,c,"ERA5 reanalysis, https://www.ecmwf.int/en/forecasts/datasets/reanalysis-datasets/era5" /nobackup_1/users/sager/CX/TMP/monthly/1950/era5_195001_tp.nc /nobackup_1/users/sager/CX/TMP/monthly/1950/era5_195001_tp_atted.nc\nFri Feb 26 12:29:45 2021: cdo -O -v -s -r -b 32 -f nc4 -z zip setgridtype,regular -mulc,1000.0 -setname,tp -settaxis,1950-01-15,0:00,1mon /nobackup_1/users/sager/CX/TMP/monthly/1950/era5_195001_TP.grb /nobackup_1/users/sager/CX/TMP/monthly/1950/era5_195001_tp.nc
# ave_region :: lon=  350.875  352.125, lat=   37.875   39.125
# averaging anomalies over region lon=  350.875  352.125, lat=   37.875   39.125
# tp [mm/dy] Precipitation
 1950   2.814714       2.059282       1.968910      0.3693234       3.765971       1.081718      0.5990498E-01  0.2470262E-01  0.2089088       1.021655       1.328318       2.169178    
 1951   2.764223       3.184022       3.421747       1.605573       1.092695      0.3787640      0.8412674E-01  0.8125100E-01  0.4083924      0.6782100       5.600363       1.515602    
 1952   1.868039       1.227172       4.941154       1.524788       3.028427       1.060578      0.4530758E-01  0.6183743      0.9783662       2.148573       1.865422       2.017509    
 1953   1.566415       1.735874       2.293339       1.758366      0.3811112      0.2458855      0.3070595E-01  0.1449877E-01  0.3725309       2.016000       2.551880       4.170017    
 1954  0.6819694      0.9513788       4.211699       2.122508      0.2388647      0.2106048      0.4427440E-02  0.3303674      0.3279985E-01  0.6248278       3.599061      0.9857186    
 1955   4.751225       3.995043       3.184068      0.3910936      0.6453487      0.2554365      0.2531957E-01  0.1153082      0.3155362E-01   1.218333       3.967849       4.507533    
 1956   5.499812       1.503307       5.009306       3.279344      0.7102647      0.2365351E-01  0.7687356E-01  0.3310661       1.525759       1.729349       1.042222       1.437761    
 1957  0.6807868       2.987231       2.715033       1.672172       1.457531      0.6445524      0.7958944E-01  0.3035751E-01  0.7174814      0.8588178       2.534532       2.046161    
 1958   3.755629       2.149216       3.372787       1.236030      0.1776575      0.6419328      0.7814463E-01  0.6150912      0.2414797      0.6813166      0.9914271       6.919034    
 1959   2.886718       1.509564       3.713078       1.862681       2.108893      0.1668632      0.2058769E-01  0.6994340E-01  0.9417304       2.020215       4.757462       2.303216    
 1960   2.751685       5.357090       4.527967       1.209220       2.621940      0.6778626      0.4945858E-01  0.2930388      0.4886983       4.774420       4.291293       2.085338    
 1961   1.659542      0.8545459       1.067438       2.219312       3.059503      0.9402611      0.7203376E-01  0.2642128E-01   1.482021       1.553390       4.896511       4.434669    
 1962   2.356831       1.204928       5.625202      0.9761395      0.7617021      0.4544160      0.1392127E-01  0.1043161E-01  0.7469436       2.446213       2.474266       2.151044    
 1963   5.837877       5.156385       2.191236       3.174425       1.395483       1.463718      0.2249763E-01  0.2552036E-01  0.4290445      0.8798017       5.076675       5.025378    
 1964   1.806803       5.387926       3.472251       1.024345      0.5536124      0.6699257      0.2127271      0.7208137E-01   1.370439      0.3208939      0.9561761       1.194011    
 1965   3.635831       3.441038       2.680369      0.6587493      0.2237589      0.2882106      0.7900087E-01  0.2316328E-01   1.887829       5.365079       3.663775       2.574809    
 1966   4.526619       6.637973      0.1618942E-01   4.306742      0.1713533      0.5757878      0.5023351E-01  0.9268518E-01   1.258972       2.888993       1.498628      0.5434020    
 1967   2.381007       2.785904       1.149765       1.793954       1.463000      0.7311885      0.2289455E-01  0.5547420E-01  0.2303743       1.030020       3.809092      0.3597130    
 1968  0.6471770E-01   5.639102       2.388258       1.292714       1.156789      0.2107320      0.6361241E-01  0.2322673      0.3205094       1.660881       4.851390       2.962346    
 1969   3.348420       5.728170       4.551334      0.8990503       2.294952       1.444889      0.2152762      0.1722201E-01   1.666184       2.668752       2.589640       1.303032    
 1970   8.974390      0.5349767       1.053162      0.4009906       2.311734       2.288480      0.6076403E-01  0.8727004E-01  0.4907603E-01  0.2283652       1.796436       1.189211    
 1971   3.181357      0.6933554       1.469362       4.299925       3.082350       1.604868      0.5425335      0.3130849      0.1140682      0.4515311      0.4251114       1.282045    
 1972   4.748535       5.187056       2.954444      0.9754746      0.3923701      0.2823942      0.3321491      0.8343104E-01   1.971495       5.838584       1.315683       4.297902    
 1973   2.531458      0.6214562       1.341263      0.7832334       3.155679      0.7353034       1.160358      0.9025033E-01  0.4903170       1.044583       2.593758       2.242029    
 1974   2.475601       1.931821       2.005003       2.526268      0.6718976      0.9407230      0.4355468E-01  0.5875952E-02  0.7461844E-01  0.1248405       2.331584      0.3575256    
 1975   2.033731       3.518447       4.005401      0.9542812       1.500836      0.6734725      0.1584269E-01  0.1589984E-01  0.4850076      0.8301906       1.110265       2.022352    
 1976   1.236004       1.803046       1.540105       2.728798      0.3017423      0.3967558      0.2364885      0.7274844       1.059135       2.501276       1.572513       3.964699    
 1977   4.278686       3.912819      0.6483911      0.4448676      0.7339299      0.8567483      0.2738090      0.8168230E-01  0.3145592       3.517080       1.491037       5.355001    
 1978   1.480203       5.379527       1.603571       2.554585       1.512270      0.4005350      0.1492129E-01  0.3633241E-01  0.3730145       1.388430       1.740969       6.260290    
 1979   3.972016       5.963779       2.808891       2.295833      0.2808482      0.5897232      0.6233851      0.9762715E-02  0.6340539       6.040589      0.3959536      0.7876441    
 1980   1.301770       1.913850       1.660771       1.539258       1.863285      0.3590539      0.1099994      0.2679670      0.3245263       1.192083       2.714312      0.1431349    
 1981  0.1070881       1.059680       1.554960       3.112127       1.350778      0.2500612      0.1701757      0.4668497E-01  0.7784488       1.029476      0.1461608       6.283328    
 1982   2.199201       1.842376       1.160509       2.007224      0.3204978      0.1563597      0.5783638      0.2622503       1.453531      0.4252883       2.359574       1.225765    
 1983  0.7021248E-01   1.526241      0.2521518       3.644252       1.152656      0.3707321      0.1588837      0.5460641      0.1154272       1.654956       5.738852       2.969203    
 1984   1.211917      0.5323011       2.691024       1.827447       2.299588      0.9578925      0.8044753E-01  0.1266407      0.1941869       1.214196       4.229113       2.091005    
 1985   5.239182       6.399570      0.3773634       3.325845       1.317121      0.4893770      0.1197838      0.3048842E-02  0.1974934      0.5998110E-01   2.967124       2.372033    
 1986   1.556469       4.813162       1.407521       1.821707      0.4147658      0.8873603E-01  0.1206559E-01  0.1457269       2.977873       1.498581       2.124335      0.8714792    
 1987   4.105512       2.878161      0.5821945       3.022271      0.2611928      0.3207405      0.3949266       1.164696      0.5954719       2.908324       1.764917       5.735579    
 1988   3.171968       1.029468      0.3852946       1.305703       2.225239       2.967934       1.063766      0.4130734E-02  0.8953848E-01   2.023491       4.765253      0.9558488E-01
 1989   1.247103       1.779457      0.9142635       2.586277       2.735337      0.1614449      0.8894403E-01  0.1381847      0.6729739       2.669505       6.578303       8.842124    
 1990   1.869486      0.1745280       2.061043       3.408141      0.3641979      0.1879634      0.8003978E-01  0.2814572      0.5323979       4.230662       2.121439       1.591379    
 1991   1.456915       2.895947       2.919395       1.253980      0.6604467E-01  0.3292521      0.6035183E-01  0.1572021      0.7066095       2.323976       1.087142       1.843628    
 1992   1.148244       1.091835      0.8227345       2.103873       1.258874       1.085176      0.2986700E-01  0.2962768      0.6783839       1.981534      0.3760438       2.195048    
 1993  0.7723860       1.045066       1.282005       2.300298       3.108551      0.4750040      0.7421184E-02  0.4528680      0.9042710       5.033074       2.149951      0.2084335    
 1994   1.973047       3.140755      0.3106617      0.9571108       2.678857      0.4797613E-01  0.8065832E-01  0.5812937E-01  0.2360409       1.830470       1.594915       1.220957    
 1995   1.136542       1.771434      0.4688489       1.235697      0.3863962      0.6808271      0.1549748      0.3467754E-01  0.4325855       1.378134       4.916574       5.565768    
 1996   9.021885       1.901523       2.436287      0.8487566       3.267530      0.3411853E-01  0.3920684E-01  0.3611538E-01   1.161871       1.081884       2.033101       6.610577    
 1997   3.625868      0.1523141      0.2846292E-01   1.527917       2.482441       1.179282      0.4504080      0.6873880       1.011262       2.641911       7.917073       4.612162    
 1998   1.946459       2.016249       1.053234       1.761703       3.003267      0.2058247      0.3819880E-01  0.3352317E-01   1.848018      0.4173605      0.6849055       1.472369    
 1999   1.847202      0.3244078       1.923419       1.415942       1.224320      0.5270850E-01  0.9174667E-01  0.4557374       2.334469       3.883419       1.483718      0.9972052    
 2000  0.3375902      0.8588797      0.7321274       4.996831       2.339243      0.1136653      0.1460992      0.8988588E-01  0.4231482       1.140017       3.180854       6.924230    
 2001   4.122739       2.411428       4.407498      0.4057654       1.458400      0.2569920      0.1413943      0.8179433E-01   1.141235       3.696234       1.115185       2.627147    
 2002   1.809557      0.6348366       3.298419       1.842615      0.7861083      0.2093687      0.6270895E-01  0.1069104       3.543926       1.870718       3.294965       4.063011    
 2003   2.219968       3.309511       1.886333       2.471066      0.1090928      0.1937801      0.1266396      0.1962398      0.7962887       4.769400       2.936109       2.201689    
 2004   1.996486       1.906949       1.432823      0.7355092       1.044613      0.4395406E-01  0.9889333E-02  0.5166457      0.4044371       4.387720      0.7385595       1.002403    
 2005  0.1712846E-01  0.4670607       1.091058      0.5422258      0.9485575      0.5654046E-01  0.1059121      0.8466613E-01  0.2002601       4.418922       2.945621       1.738416    
 2006   1.276765       1.841197       2.875695       1.389280      0.7870338E-01   1.528241      0.1905020      0.2808046       1.570124       5.589016       5.017432       1.185992    
 2007  0.5678427       2.990379      0.4279052       1.978600       1.400547       1.333636      0.4533603E-01  0.2690995       1.840618      0.8175251       1.134604      0.9232578    
 2008   1.986278       2.652599      0.7690884       4.176119       1.826571      0.9669831E-01  0.5635823E-01  0.8593233E-01   1.220359       1.332904      0.9987976       1.664487    
 2009   3.166577       2.298889      0.5600419       1.590868      0.8662635      0.7081997      0.7822331E-01  0.3998482E-01  0.2478366       1.478865       1.633313       6.163174    
 2010   3.584482       6.728715       3.248158       2.330267       1.034625      0.5756571      0.1220040E-01  0.4102810E-01  0.1833741       3.022322       2.668457       5.664745    
 2011   1.863729       2.273009       2.177072       3.341245       2.666026      0.1816218      0.2060363E-01  0.5373528      0.6525233       1.700556       4.770442      0.3821749    
 2012  0.3748290      0.2068329E-01  0.6637947       1.396843       1.624614      0.1086340      0.1482008E-01  0.1745868       1.055993       2.897173       5.392270       2.089100    
 2013   2.335234       1.455525       6.259672      0.9894529      0.3980516      0.1877384      0.7419647E-01  0.6197266E-02   1.601299       2.949335      0.4118867       2.379388    
 2014   2.981454       4.218919       1.302926       2.164202      0.8052827      0.6860107      0.1702908      0.4681802E-01   3.614409       2.722901       4.368194      0.7246209    
 2015   1.355878      0.5899577      0.5865048       2.665290      0.2204173      0.4978704      0.9276335E-01  0.9139863E-01  0.3294615       3.217216       1.106789       1.342520    
 2016   2.396656       1.890458      0.9608441       2.495571       4.347070      0.7986572E-01  0.1846149      0.3026979E-01  0.4163687       1.939732       2.490930       1.633207    
 2017   2.013437       1.878627       2.567829      0.1215340       1.485796      0.1430379      0.1255284      0.1280560      0.7323699E-02  0.8041944       1.610588       1.367593    
 2018   1.532536       1.738322       6.140734       3.312937       1.183506      0.8014845      0.1557628      0.8016238E-01  0.9958217E-01   1.591682       3.199447      0.5844507    
 2019   1.002056      0.9263810      0.8691007       2.744316      0.2086917      0.2285405      0.1149534      0.1807906      0.3472030      0.9893333       2.519908       3.513577    
 2020   1.259887      0.1252088       1.521266       3.200344       1.840165      0.2683558      0.7615840E-01  0.8093882E-01  0.9112129       2.405381       2.722909       1.602058    
 2021   1.149845       4.731498      0.8660319       2.898955      0.6407079      0.4445075      0.5640491E-01  0.5517757E-01   2.124943       1.759990      0.3275228       1.708525    
 2022  0.2024503      0.4900249       3.895728       1.677654      0.2000012      0.3107313      0.2079272E-01  0.3086917E-01   1.367066       1.904817       1.485718       5.818548    
 2023   1.051164      0.6212366      0.7064216      0.2581662      0.5726078      0.6860721      0.2710918E-01  0.1274031E-01   1.518203       4.014708       1.801987      0.9678777    
 2024   2.880611       2.639342       4.188897      0.9807920      0.2165159      0.6875608      0.6560014E-01  0.2071277E-01  0.3018671       3.053360       1.223675      0.1788457    
 2025   4.536271       1.845764       5.946773       3.089713       1.071798      0.1616051      0.5889820E-01  0.3099981E-01  0.4066487       1.157190       4.848862       3.682284    
 2026   4.965680       6.708524       2.063241      0.7283648      0.9135665      -999.9000      -999.9000      -999.9000      -999.9000      -999.9000      -999.9000      -999.9000    
