# using year1  1950
# using year2  2026
# minimal_valid_fraction ::  30.00
# operating on 
# <a href=http://climexp.knmi.nl/select.cgi?field=era5_tp>climexp.knmi.nl/select.cgi?field=era5_tp</a>
# file :: /data/climexp_data_collection/ERA5/era5_tp.nc
# cdi :: Climate Data Interface version 2.5.3 (https://mpimet.mpg.de/cdi)
# institution :: KNMI Climate Explorer and European Centre for Medium-Range Weather Forecasts
# cdo :: Climate Data Operators version 2.5.3 (https://mpimet.mpg.de/cdo)
# geospatial_lat_max ::     90.1
# geospatial_lon_min ::     -0.1
# geospatial_lon_units :: degrees_east
# geospatial_lon_resolution ::      0.2
# time_coverage_start :: 1950-01-15
# time_coverage_end :: 2026-05-15
# climexp_url :: https://climexp.knmi.nl/select.cgi?era5_tp
# nco :: netCDF Operators version 5.3.3 (Homepage = http://nco.sf.net, Code = http://github.com/nco/nco, Citation = 10.1016/j.envsoft.2008.03.004)
# scripturl01 :: http://climexp.knmi.nl/get_index.cgi?delta_lat=0.25&delta_lon=0.25&email=someone@somewhere&field=era5_tp&gridpoints=false&intertype=nearest&lat1=38&lat2=39&lat_max=90.00&lat_min=-90.00&lon1=-1&lon2=0&lon_max=359.75&lon_min=0.00&masktype=all&year1=1950&year2=2026&year_max=2026&year_min=1950
# history ::  2026-07-19 13:19:52 bin/get_index /data/climexp_data_collection/ERA5/era5_tp.nc -1 0 38 39 dipole no year1 1950 year2 2026 minfac 30 nearest lsmask /data/climexp_data_collection/ERA5/era5_000000_lsm-025.nc all nomissing era5_tp_-1-0E_38-39N_1950-2026_n\nSat Jun  6 08:38:11 2026: ncatted -a cell_methods,tp,d,, era5_tp.nc\nSat Jun 06 08:36:47 2026: cdo -r -f nc4 -z zip -O mergetime /net/pc230042/nobackup/users/sager/nobackup_2_old/ERA5/1950/mon/era5_tp_195001-195012.nc /net/pc230042/nobackup/users/sager/nobackup_2_old/ERA5/1951/mon/era5_tp_195101-195112.nc /net/pc230042/nobackup/users/sager/nobackup_2_old/ERA5/1952/mon/era5_tp_195201-195212.nc /net/pc230042/nobackup/users/sager/nobackup_2_old/ERA5/1953/mon/era5_tp_195301-195312.nc /net/pc230042/nobackup/users/sager/nobackup_2_old/ERA5/1954/mon/era5_tp_195401-195412.nc /net/pc230042/nobackup/users/sager/nobackup_2_old/ERA5/1955/mon/era5_tp_195501-195512.nc /net/pc230042/nobackup/users/sager/nobackup_2_old/ERA5/1956/mon/era5_tp_195601-195612.nc /net/pc230042/nobackup/users/sager/nobackup_2_old/ERA5/1957/mon/era5_tp_195701-195712.nc /net/pc230042/nobackup/users/sager/nobackup_2_old/ERA5/1958/mon/era5_tp_195801-195812.nc /net/pc230042/nobackup/users/sager/nobackup_2_old/ERA5/1959/mon/era5_tp_195901-195912.nc /net/pc230042/nobackup/users/sager/nobackup_2_old/ERA5/1960/mon/era5_tp_196001-196012.nc /net/pc230042/nobackup/users/sager/nobackup_2_old/ERA5/1961/mon/era5_tp_196101-196112.nc /net/pc230042/nobackup/users/sager/nobackup_2_old/ERA5/1962/mon/era5_tp_196201-196212.nc /net/pc230042/nobackup/users/sager/nobackup_2_old/ERA5/1963/mon/era5_tp_196301-196312.nc /net/pc230042/nobackup/users/sager/nobackup_2_old/ERA5/1964/mon/era5_tp_196401-196412.nc /net/pc230042/nobackup/users/sager/nobackup_2_old/ERA5/1965/mon/era5_tp_196501-196512.nc /net/pc230042/nobackup/users/sager/nobackup_2_old/ERA5/1966/mon/era5_tp_196601-196612.nc /net/pc230042/nobackup/users/sager/nobackup_2_old/ERA5/1967/mon/era5_tp_196701-196712.nc /net/pc230042/nobackup/users/sager/nobackup_2_old/ERA5/1968/mon/era5_tp_196801-196812.nc /net/pc230042/nobackup/users/sager/nobackup_2_old/ERA5/1969/mon/era5_tp_196901-196912.nc /net/pc230042/nobackup/users/sager/nobackup_2_old/ERA5/1970/mon/era5_tp_197001-197012.nc /net/pc230042/nobackup/users/sager/nobackup_2_old/ERA5/1971/mon/era5_tp_197101-197112.nc /net/pc230042/nobackup/users/sager/nobackup_2_old/ERA5/1972/mon/era5_tp_197201-197212.nc /net/pc230042/nobackup/users/sager/nobackup_2_old/ERA5/1973/mon/era5_tp_197301-197312.nc /net/pc230042/nobackup/users/sager/nobackup_2_old/ERA5/1974/mon/era5_tp_197401-197412.nc /net/pc230042/nobackup/users/sager/nobackup_2_old/ERA5/1975/mon/era5_tp_197501-197512.nc /net/pc230042/nobackup/users/sager/nobackup_2_old/ERA5/1976/mon/era5_tp_197601-197612.nc /net/pc230042/nobackup/users/sager/nobackup_2_old/ERA5/1977/mon/era5_tp_197701-197712.nc /net/pc230042/nobackup/users/sager/nobackup_2_old/ERA5/1978/mon/era5_tp_197801-197812.nc /net/pc230042/nobackup/users/sager/nobackup_2_old/ERA5/1979/mon/era5_tp_197901-197912.nc /net/pc230042/nobackup/users/sager/nobackup_2_old/ERA5/1980/mon/era5_tp_198001-198012.nc /net/pc230042/nobackup/users/sager/nobackup_2_old/ERA5/1981/mon/era5_tp_198101-198112.nc /net/pc230042/nobackup/users/sager/nobackup_2_old/ERA5/1982/mon/era5_tp_198201-198212.nc /net/pc230042/nobackup/users/sager/nobackup_2_old/ERA5/1983/mon/era5_tp_198301-198312.nc /net/pc230042/nobackup/users/sager/nobackup_2_old/ERA5/1984/mon/era5_tp_198401-198412.nc /net/pc230042/nobackup/users/sager/nobackup_2_old/ERA5/1985/mon/era5_tp_198501-198512.nc /net/pc230042/nobackup/users/sager/nobackup_2_old/ERA5/1986/mon/era5_tp_198601-198612.nc /net/pc230042/nobackup/users/sager/nobackup_2_old/ERA5/1987/mon/era5_tp_198701-198712.nc /net/pc230042/nobackup/users/sager/nobackup_2_old/ERA5/1988/mon/era5_tp_198801-198812.nc /net/pc230042/nobackup/users/sager/nobackup_2_old/ERA5/1989/mon/era5_tp_198901-198912.nc /net/pc230042/nobackup/users/sager/nobackup_2_old/ERA5/1990/mon/era5_tp_199001-199012.nc /net/pc230042/nobackup/users/sager/nobackup_2_old/ERA5/1991/mon/era5_tp_199101-199112.nc /net/pc230042/nobackup/users/sager/nobackup_2_old/ERA5/1992/mon/era5_tp_199201-199212.nc /net/pc230042/nobackup/users/sager/nobackup_2_old/ERA5/1993/mon/era5_tp_199301-199312.nc /net/pc230042/nobackup/users/sager/nobackup_2_old/ERA5/1994/mon/era5_tp_199401-199412.nc /net/pc230042/nobackup/users/sager/nobackup_2_old/ERA5/1995/mon/era5_tp_199501-199512.nc /net/pc230042/nobackup/users/sager/nobackup_2_old/ERA5/1996/mon/era5_tp_199601-199612.nc /net/pc230042/nobackup/users/sager/nobackup_2_old/ERA5/1997/mon/era5_tp_199701-199712.nc /net/pc230042/nobackup/users/sager/nobackup_2_old/ERA5/1998/mon/era5_tp_199801-199812.nc /net/pc230042/nobackup/users/sager/nobackup_2_old/ERA5/1999/mon/era5_tp_199901-199912.nc /net/pc230042/nobackup/users/sager/nobackup_2_old/ERA5/2000/mon/era5_tp_200001-200012.nc /net/pc230042/nobackup/users/sager/nobackup_2_old/ERA5/2001/mon/era5_tp_200101-200112.nc /net/pc230042/nobackup/users/sager/nobackup_2_old/ERA5/2002/mon/era5_tp_200201-200212.nc /net/pc230042/nobackup/users/sager/nobackup_2_old/ERA5/2003/mon/era5_tp_200301-200312.nc /net/pc230042/nobackup/users/sager/nobackup_2_old/ERA5/2004/mon/era5_tp_200401-200412.nc /net/pc230042/nobackup/users/sager/nobackup_2_old/ERA5/2005/mon/era5_tp_200501-200512.nc /net/pc230042/nobackup/users/sager/nobackup_2_old/ERA5/2006/mon/era5_tp_200601-200612.nc /net/pc230042/nobackup/users/sager/nobackup_2_old/ERA5/2007/mon/era5_tp_200701-200712.nc /net/pc230042/nobackup/users/sager/nobackup_2_old/ERA5/2008/mon/era5_tp_200801-200812.nc /net/pc230042/nobackup/users/sager/nobackup_2_old/ERA5/2009/mon/era5_tp_200901-200912.nc /net/pc230042/nobackup/users/sager/nobackup_2_old/ERA5/2010/mon/era5_tp_201001-201012.nc /net/pc230042/nobackup/users/sager/nobackup_2_old/ERA5/2011/mon/era5_tp_201101-201112.nc /net/pc230042/nobackup/users/sager/nobackup_2_old/ERA5/2012/mon/era5_tp_201201-201212.nc /net/pc230042/nobackup/users/sager/nobackup_2_old/ERA5/2013/mon/era5_tp_201301-201312.nc /net/pc230042/nobackup/users/sager/nobackup_2_old/ERA5/2014/mon/era5_tp_201401-201412.nc /net/pc230042/nobackup/users/sager/nobackup_2_old/ERA5/2015/mon/era5_tp_201501-201512.nc /net/pc230042/nobackup/users/sager/nobackup_2_old/ERA5/2016/mon/era5_tp_201601-201612.nc /net/pc230042/nobackup/users/sager/nobackup_2_old/ERA5/2017/mon/era5_tp_201701-201712.nc /net/pc230042/nobackup/users/sager/nobackup_2_old/ERA5/2018/mon/era5_tp_201801-201812.nc /net/pc230042/nobackup/users/sager/nobackup_2_old/ERA5/2019/mon/era5_tp_201901-201912.nc /net/pc230042/nobackup/users/sager/nobackup_2_old/ERA5/2020/mon/era5_tp_202001-202012.nc /net/pc230042/nobackup/users/sager/nobackup_2_old/ERA5/2021/mon/era5_tp_202101-202112.nc /net/pc230042/nobackup/users/sager/nobackup_2_old/ERA5/2022/mon/era5_tp_202201-202212.nc /net/pc230042/nobackup/users/sager/nobackup_2_old/ERA5/2023/mon/era5_tp_202301-202312.nc /net/pc230042/nobackup/users/sager/nobackup_2_old/ERA5/2024/mon/era5_tp_202401-202412.nc /net/pc230042/nobackup/users/sager/nobackup_2_old/ERA5/2025/mon/era5_tp_202501-202512.nc /net/pc230042/nobackup/users/sager/nobackup_2_old/ERA5/2026/mon/era5_tp_202601-202612.nc era5_tp.nc\nFri Feb 26 12:33:50 2021: cdo -O -z zip copy era5_195001_tp.nc era5_195002_tp.nc era5_195003_tp.nc era5_195004_tp.nc era5_195005_tp.nc era5_195006_tp.nc era5_195007_tp.nc era5_195008_tp.nc era5_195009_tp.nc era5_195010_tp.nc era5_195011_tp.nc era5_195012_tp.nc /nobackup_2/users/sager/ERA5/1950/mon/era5_tp_195001-195012.nc\nFri Feb 26 12:29:45 2021: ncatted -O -a long_name,tp,m,c,Precipitation -a standard_name,tp,m,c,precipitation_flux -a units,tp,m,c,mm/dy -a title,global,m,c,"ERA5 reanalysis, https://www.ecmwf.int/en/forecasts/datasets/reanalysis-datasets/era5" /nobackup_1/users/sager/CX/TMP/monthly/1950/era5_195001_tp.nc /nobackup_1/users/sager/CX/TMP/monthly/1950/era5_195001_tp_atted.nc\nFri Feb 26 12:29:45 2021: cdo -O -v -s -r -b 32 -f nc4 -z zip setgridtype,regular -mulc,1000.0 -setname,tp -settaxis,1950-01-15,0:00,1mon /nobackup_1/users/sager/CX/TMP/monthly/1950/era5_195001_TP.grb /nobackup_1/users/sager/CX/TMP/monthly/1950/era5_195001_tp.nc
# ave_region :: lon=   -1.125    0.125, lat=   37.875   39.125
# averaging anomalies over region lon=   -1.125    0.125, lat=   37.875   39.125
# tp [mm/dy] Precipitation
 1950   1.758536      0.3141191      0.2491201      0.8829702      0.7270832      0.1885784      0.2612947E-01  0.4358893       1.786998       3.085546      0.2138924      0.9579701    
 1951  0.8492574      0.5138789      0.9668311       3.887050       1.201286      0.1867145      0.1796097      0.3995255      0.9884174       1.754554      0.9261348       1.443696    
 1952   1.523252      0.9846284      0.2851778       1.065235      0.6063906      0.1252228      0.2214202       1.026512      0.8523762      0.5877684      0.7315853       1.174794    
 1953  0.3612917      0.5488929       2.194688      0.6608655      0.3617522       1.110862      0.9939372E-01  0.1894381       1.050799       4.664136       2.485324      0.6876860    
 1954  0.5952482      0.6909114       2.489698       4.289252      0.4673641      0.3745293      0.8440083E-01  0.5825546E-01  0.5748107      0.7140402      0.4984579       1.813782    
 1955   1.309719      0.6412812      0.7885455      0.4699219      0.3121489      0.3004297      0.1044271      0.5302405      0.7786125       1.746469       1.487832      0.5241795    
 1956   2.332967       1.440685       1.027017      0.8884463       1.011645      0.9834351E-01  0.1445433      0.2432411      0.3703859       2.319238       2.331938      0.3516911    
 1957   1.541022      0.8918004E-01  0.3901032       2.272072       1.717181      0.5458572      0.5121013E-01  0.3662223       1.021094       4.511582       2.660997       1.189767    
 1958   1.025415      0.9796803E-01  0.2989566       2.061596      0.4488344      0.8093814      0.1753263E-01  0.2166060      0.4590443       6.069385       2.003967       1.009471    
 1959  0.7234942       3.283747      0.8224696      0.5326341       3.232784      0.7038409      0.1254353      0.1905583       2.559346       1.355374       1.665835      0.6610018    
 1960   2.109886       1.735419       1.013550       1.057025      0.6250198       2.005449      0.2234583      0.1185599      0.3142980       1.019025      0.6126644       2.351833    
 1961  0.4999460      0.2071285      0.1889695      0.2706273      0.8138381      0.5192234      0.1799706      0.1683634      0.8107255       1.779828       1.257063      0.4999017    
 1962  0.4196221       1.243004       2.571265       1.118332       1.484479      0.4163001      0.1408224      0.2118858      0.5343893       1.809272       1.502789      0.6517312    
 1963   1.180090      0.9354578      0.2085479      0.8703406      0.6566362      0.3850284      0.1730133      0.3622338       3.051235      0.3626924      0.6102443       2.595768    
 1964  0.9519829      0.7331054      0.9695057       1.090300      0.1480664      0.9481025      0.9675781E-01  0.2761582      0.3296350      0.9778839      0.8733194       3.952405    
 1965  0.7769884       1.452292      0.6876475      0.7845115      0.6329877      0.7346655      0.3008114      0.4649733      0.7348722       2.907069      0.8904698       1.096398    
 1966  0.4426586      0.3119209      0.2142877      0.7124465      0.4584344      0.4626769      0.3907212      0.1333416      0.8912911       4.286767      0.4080352      0.9968779E-01
 1967  0.6624019       3.847326      0.6650947       3.211589      0.6752115       1.756863      0.8776259E-01  0.6899635       1.980044      0.6183665       4.409373      0.7528233    
 1968  0.8382716      0.8047302       1.874265       1.175695       1.413974       1.135137      0.2317051      0.8749987      0.3704584      0.2310724       1.239655       1.622604    
 1969   1.264269       1.370096       1.600966       2.619977      0.9004178      0.7998270      0.1963852      0.9232856       1.758209       5.522575       2.388575      0.7276583    
 1970   1.440084      0.4892180E-01   1.011681      0.8906456      0.4184869      0.2444955      0.4704417      0.5138505      0.2787756       1.838074      0.3929891       2.425149    
 1971   1.185156      0.5319268       2.872061       1.875484       2.880310      0.7714588      0.2764451      0.5587960       1.909882       5.022455       2.751363       3.992482    
 1972   1.414317      0.7827014       1.472252       1.192315       1.602555       2.844208       1.195530       1.736182       4.225772       3.533565       5.327870       1.144438    
 1973   1.162958      0.4883679       2.752867      0.4981051      0.6244278       1.901304      0.4038446      0.6028609       1.509285       1.889062       1.106262       3.576936    
 1974  0.3176565       2.515276       2.578182       2.961891      0.4314523      0.5449934      0.3342257      0.8728748      0.4325016       3.688652      0.1212206      0.1095671    
 1975  0.3489104       1.477458       3.060301       1.160788       2.425334       1.738572      0.6055396E-01   1.116355      0.6495462       1.109624      0.8356394       2.543032    
 1976  0.4711861       1.423841      0.3520403       2.022597       3.030197      0.9088690      0.3758123       1.084603      0.9113013       1.224163      0.4399217       2.237462    
 1977   3.066854      0.3060187      0.2987148       1.041925       2.105243       1.079483       1.227186       1.839508       1.602692       1.723603       1.281972       1.278449    
 1978  0.4407053      0.5309136      0.4291379      0.9782372       1.668189       2.075428      0.6421795E-01  0.3340644      0.2596037       1.037542       1.683776       1.198072    
 1979   2.410816      0.5731546      0.4185941      0.7104158      0.5389980      0.6300139       1.050792      0.1708012       1.366597       1.755598      0.6787379      0.5152495    
 1980   3.740862       2.691897      0.7710128       2.214854       1.825495      0.9160504      0.2958911      0.2019694      0.6748403      0.2609178       1.913983       1.095856    
 1981  0.4332243      0.7586807      0.1957162       3.195242      0.8915974       1.172177      0.7839452E-01  0.7104387      0.6560104      0.4372973      0.2138435      0.5678076    
 1982   1.874016      0.8734654       1.845498       1.534396       1.250601      0.1687774      0.1710310      0.6523200      0.7631426       4.479114       1.549184      0.2308655    
 1983  0.3707430E-01   1.238565      0.3159813      0.5436881      0.1998401       1.146577      0.1717707       1.178785      0.2251526      0.6080070       2.233207      0.7055606    
 1984  0.4110828       1.514652      0.8109072      0.8651215       2.654751      0.2998546      0.2370651E-01  0.5307217      0.7772282      0.6022351       3.098139      0.4122739    
 1985  0.9049865       1.829889      0.8796308       1.011564       2.175947      0.1821951      0.1376227      0.1132595      0.7448695       2.050952       2.926148       1.173650    
 1986  0.2903435      0.6112542      0.6974889       1.180333       1.183965      0.2719120      0.5550970      0.5558423       2.818849       5.554878       1.461600      0.4320442    
 1987   1.865406       1.593271      0.3723826      0.3059876      0.8550016      0.2049965      0.9228219      0.8186699      0.6441839       1.544655       4.112772       1.565496    
 1988   1.221286      0.4855246      0.3258769       1.758056       1.681726       2.414552      0.4777227E-01  0.2246527      0.8700912       3.523581       1.932641      0.2347912    
 1989   1.579589       1.444090       3.092616       1.525680       1.306926      0.9882094      0.2516911       1.194399       6.938925      0.7468320       2.685592       2.590812    
 1990   2.891551      0.7743677E-01   1.277595       2.157496       1.730183      0.2023716      0.2107429      0.4213253      0.8645309       3.274543      0.5642515      0.9872629    
 1991   3.569090       1.752105       2.228854      0.7419639      0.8888263      0.2011241      0.8385317E-01  0.1511859      0.9407856       1.774927      0.3448153      0.9726799    
 1992  0.9456857       2.714313       1.152260      0.5179181       2.605416       2.362116      0.1210396      0.6355432E-01  0.3003348       1.663755      0.5076268       1.553747    
 1993  0.1733398       4.137735       1.106892      0.7144026       1.191172      0.4853678      0.3839220      0.1739717      0.7938924       2.900979       1.514227      0.3198545    
 1994  0.6378172      0.5391842      0.3332967       1.569915      0.2579471      0.9335414E-01  0.5926661E-01  0.1514114       3.839766       2.199167      0.6579677      0.3046877    
 1995  0.1935775      0.7719749       1.429015      0.3870848      0.1379489      0.8596706      0.4377089E-01  0.9332098      0.7637066      0.8096036      0.5362055       2.326729    
 1996   1.703383       1.282729      0.9046164      0.7504529      0.7852829      0.2828975      0.2100303      0.7623083       5.801160       1.059809       2.058126       1.214433    
 1997   2.479067      0.2260021      0.5359254       2.967722      0.7426853       1.151907      0.1267908      0.5572956       2.704796      0.5752900       1.446033       2.508528    
 1998   1.660582       1.075978      0.4406281      0.3319533       1.657437      0.1920055      0.6781095E-01  0.7165869      0.4796305      0.2255822       1.098559       1.366261    
 1999  0.5218778       1.205102       1.414248      0.4132805      0.2106354      0.2685146      0.3402463      0.1747704       1.317843       2.035417       1.741232      0.7310499    
 2000   1.165734      0.2210968E-01  0.4715976      0.5776442      0.7938572      0.1885227      0.1130265      0.1207835      0.3638127       2.824231      0.7605796      0.3260752    
 2001  0.8891992       2.086240      0.2086361       1.347797       1.275992      0.3350826      0.3203577      0.1666007       1.655598      0.7706672       3.106400       1.913337    
 2002  0.7261494      0.6158657E-01   1.206677       2.813728       3.109052      0.4405524      0.4546471      0.9261786      0.6300939      0.6676995       1.245557      0.8144189    
 2003   1.082389       2.050751      0.4903342       2.230222       1.696921      0.1612236      0.2426958      0.2456685       1.678183       2.951553       2.470170       1.092258    
 2004  0.9175617E-01   1.225751       2.683279       3.224520       2.551652      0.3326587      0.1456129      0.3195041       1.032169      0.3010748      0.8467050       3.559221    
 2005  0.2435111       1.894086      0.7776960      0.4063232      0.3504815      0.1688641      0.2322532      0.3461056       1.704429      0.4689777       1.720875      0.4846460    
 2006   2.962872       1.158293      0.3263669       1.358514       1.293403      0.2605122      0.6585477E-01  0.2735713       1.083113      0.3122308       3.594819       1.641406    
 2007   1.541878      0.6970386       1.641010       3.349555      0.9174259      0.2570414      0.5335416E-01   1.432973       1.559529       6.022692      0.5563483      0.9166650    
 2008  0.2392299       1.026787      0.2187020      0.3072203       2.831766      0.9845311      0.6114503      0.3114620       2.628908       4.449626       1.874695      0.7345589    
 2009   1.670532      0.4881287       1.892044       1.259935      0.2661131      0.9201581E-01  0.4329132      0.3703365       4.787427      0.8771604      0.2226988       3.442400    
 2010   2.548809       1.633839       1.443072      0.9761528       1.226303      0.9708883      0.1173614       1.253310      0.7637324       1.548909       1.198486      0.9248053    
 2011  0.8139142      0.4394722       2.554343       1.841884       1.170640      0.5249097      0.2641498      0.9797227E-01  0.5203013       1.487710       3.457799      0.5114776    
 2012   1.027942      0.3836216       1.341174      0.9135075      0.2400585      0.1680227      0.1161622      0.3407085       1.583796       1.869642       3.408192      0.2690715    
 2013  0.3466736       1.004321       1.227766       2.524663      0.5192008      0.1438932      0.3785695E-01   1.047818      0.4674394      0.4783831      0.8573819       1.143392    
 2014  0.5317439      0.3475210      0.5691355      0.4516982      0.3828856      0.7703171      0.1584828      0.3291575       1.847816       1.055296       2.480755      0.7808220    
 2015  0.6024364       1.144881       2.097784      0.7307514      0.1561219      0.4827999      0.3528483      0.7661334       3.079672       2.520086       1.229418      0.1129621    
 2016  0.5069805      0.3253942       1.082941       1.339377      0.7549232      0.1115769      0.1800987      0.4166988      0.8642902       1.917949       2.073174       4.161981    
 2017   2.914371      0.5714151       2.294960      0.6222402      0.7427717E-01  0.2494849      0.2075627       1.600393      0.6628546      0.5757554      0.8021882      0.3045461    
 2018   1.622440       2.284956      0.9835448      0.7373121      0.7378180       1.850373      0.1211836       1.106740       3.013387       2.283504       2.882604      0.4895981    
 2019  0.1633506      0.1394945      0.8061342       4.484173      0.5154881      0.1259384      0.1950904      0.9037150       6.260371       2.053417      0.7406751       2.420244    
 2020   3.609549      0.5860180E-01   3.143527       1.899644       1.284050       1.184806      0.1510123      0.2963331      0.2959505      0.2790833       1.921784      0.2859184    
 2021   1.906402      0.2996471       2.226688       2.299446       1.806052       1.174389      0.3563272      0.4783479       3.149607       3.284504       1.894681      0.3310527    
 2022  0.3861816      0.3199845       7.114069       3.280881       1.343387      0.2551740      0.2092198      0.2057800       1.629334       2.113786      0.6263016       1.256170    
 2023  0.3495753      0.8441858      0.1322025      0.9748037E-01   4.128934       1.037598      0.2338067      0.4653356       3.427349      0.3471325      0.4421182E-01  0.8010153E-01
 2024  0.5661030      0.4017448      0.9911780      0.7908337      0.2924823      0.8611277      0.1484444      0.5091595       1.786242       2.150543       1.328411      0.6954073    
 2025  0.7226099      0.6309553       3.434918      0.7234691       1.151363      0.1088460      0.7618731      0.3719580       2.340358       2.837816      0.2501828       3.952718    
 2026   1.561291      0.6036014       2.504017       1.206802       1.523617      -999.9000      -999.9000      -999.9000      -999.9000      -999.9000      -999.9000      -999.9000    
