# using year1  1950
# using year2  2026
# minimal_valid_fraction ::  30.00
# operating on 
# <a href=http://climexp.knmi.nl/select.cgi?field=era5_tp>climexp.knmi.nl/select.cgi?field=era5_tp</a>
# file :: /data/climexp_data_collection/ERA5/era5_tp.nc
# cdi :: Climate Data Interface version 2.5.3 (https://mpimet.mpg.de/cdi)
# institution :: KNMI Climate Explorer and European Centre for Medium-Range Weather Forecasts
# cdo :: Climate Data Operators version 2.5.3 (https://mpimet.mpg.de/cdo)
# geospatial_lat_max ::     90.1
# geospatial_lon_min ::     -0.1
# geospatial_lon_units :: degrees_east
# geospatial_lon_resolution ::      0.2
# time_coverage_start :: 1950-01-15
# time_coverage_end :: 2026-05-15
# climexp_url :: https://climexp.knmi.nl/select.cgi?era5_tp
# nco :: netCDF Operators version 5.3.3 (Homepage = http://nco.sf.net, Code = http://github.com/nco/nco, Citation = 10.1016/j.envsoft.2008.03.004)
# scripturl01 :: http://climexp.knmi.nl/get_index.cgi?delta_lat=0.25&delta_lon=0.25&email=someone@somewhere&field=era5_tp&gridpoints=false&intertype=nearest&lat1=37&lat2=38&lat_max=90.00&lat_min=-90.00&lon1=-6&lon2=-5&lon_max=359.75&lon_min=0.00&masktype=all&year1=1950&year2=2026&year_max=2026&year_min=1950
# history ::  2026-07-19 13:22:59 bin/get_index /data/climexp_data_collection/ERA5/era5_tp.nc -6 -5 37 38 dipole no year1 1950 year2 2026 minfac 30 nearest lsmask /data/climexp_data_collection/ERA5/era5_000000_lsm-025.nc all nomissing era5_tp_-6--5E_37-38N_1950-2026_n\nSat Jun  6 08:38:11 2026: ncatted -a cell_methods,tp,d,, era5_tp.nc\nSat Jun 06 08:36:47 2026: cdo -r -f nc4 -z zip -O mergetime /net/pc230042/nobackup/users/sager/nobackup_2_old/ERA5/1950/mon/era5_tp_195001-195012.nc /net/pc230042/nobackup/users/sager/nobackup_2_old/ERA5/1951/mon/era5_tp_195101-195112.nc /net/pc230042/nobackup/users/sager/nobackup_2_old/ERA5/1952/mon/era5_tp_195201-195212.nc /net/pc230042/nobackup/users/sager/nobackup_2_old/ERA5/1953/mon/era5_tp_195301-195312.nc /net/pc230042/nobackup/users/sager/nobackup_2_old/ERA5/1954/mon/era5_tp_195401-195412.nc /net/pc230042/nobackup/users/sager/nobackup_2_old/ERA5/1955/mon/era5_tp_195501-195512.nc /net/pc230042/nobackup/users/sager/nobackup_2_old/ERA5/1956/mon/era5_tp_195601-195612.nc /net/pc230042/nobackup/users/sager/nobackup_2_old/ERA5/1957/mon/era5_tp_195701-195712.nc /net/pc230042/nobackup/users/sager/nobackup_2_old/ERA5/1958/mon/era5_tp_195801-195812.nc /net/pc230042/nobackup/users/sager/nobackup_2_old/ERA5/1959/mon/era5_tp_195901-195912.nc /net/pc230042/nobackup/users/sager/nobackup_2_old/ERA5/1960/mon/era5_tp_196001-196012.nc /net/pc230042/nobackup/users/sager/nobackup_2_old/ERA5/1961/mon/era5_tp_196101-196112.nc /net/pc230042/nobackup/users/sager/nobackup_2_old/ERA5/1962/mon/era5_tp_196201-196212.nc /net/pc230042/nobackup/users/sager/nobackup_2_old/ERA5/1963/mon/era5_tp_196301-196312.nc /net/pc230042/nobackup/users/sager/nobackup_2_old/ERA5/1964/mon/era5_tp_196401-196412.nc /net/pc230042/nobackup/users/sager/nobackup_2_old/ERA5/1965/mon/era5_tp_196501-196512.nc /net/pc230042/nobackup/users/sager/nobackup_2_old/ERA5/1966/mon/era5_tp_196601-196612.nc /net/pc230042/nobackup/users/sager/nobackup_2_old/ERA5/1967/mon/era5_tp_196701-196712.nc /net/pc230042/nobackup/users/sager/nobackup_2_old/ERA5/1968/mon/era5_tp_196801-196812.nc /net/pc230042/nobackup/users/sager/nobackup_2_old/ERA5/1969/mon/era5_tp_196901-196912.nc /net/pc230042/nobackup/users/sager/nobackup_2_old/ERA5/1970/mon/era5_tp_197001-197012.nc /net/pc230042/nobackup/users/sager/nobackup_2_old/ERA5/1971/mon/era5_tp_197101-197112.nc /net/pc230042/nobackup/users/sager/nobackup_2_old/ERA5/1972/mon/era5_tp_197201-197212.nc /net/pc230042/nobackup/users/sager/nobackup_2_old/ERA5/1973/mon/era5_tp_197301-197312.nc /net/pc230042/nobackup/users/sager/nobackup_2_old/ERA5/1974/mon/era5_tp_197401-197412.nc /net/pc230042/nobackup/users/sager/nobackup_2_old/ERA5/1975/mon/era5_tp_197501-197512.nc /net/pc230042/nobackup/users/sager/nobackup_2_old/ERA5/1976/mon/era5_tp_197601-197612.nc /net/pc230042/nobackup/users/sager/nobackup_2_old/ERA5/1977/mon/era5_tp_197701-197712.nc /net/pc230042/nobackup/users/sager/nobackup_2_old/ERA5/1978/mon/era5_tp_197801-197812.nc /net/pc230042/nobackup/users/sager/nobackup_2_old/ERA5/1979/mon/era5_tp_197901-197912.nc /net/pc230042/nobackup/users/sager/nobackup_2_old/ERA5/1980/mon/era5_tp_198001-198012.nc /net/pc230042/nobackup/users/sager/nobackup_2_old/ERA5/1981/mon/era5_tp_198101-198112.nc /net/pc230042/nobackup/users/sager/nobackup_2_old/ERA5/1982/mon/era5_tp_198201-198212.nc /net/pc230042/nobackup/users/sager/nobackup_2_old/ERA5/1983/mon/era5_tp_198301-198312.nc /net/pc230042/nobackup/users/sager/nobackup_2_old/ERA5/1984/mon/era5_tp_198401-198412.nc /net/pc230042/nobackup/users/sager/nobackup_2_old/ERA5/1985/mon/era5_tp_198501-198512.nc /net/pc230042/nobackup/users/sager/nobackup_2_old/ERA5/1986/mon/era5_tp_198601-198612.nc /net/pc230042/nobackup/users/sager/nobackup_2_old/ERA5/1987/mon/era5_tp_198701-198712.nc /net/pc230042/nobackup/users/sager/nobackup_2_old/ERA5/1988/mon/era5_tp_198801-198812.nc /net/pc230042/nobackup/users/sager/nobackup_2_old/ERA5/1989/mon/era5_tp_198901-198912.nc /net/pc230042/nobackup/users/sager/nobackup_2_old/ERA5/1990/mon/era5_tp_199001-199012.nc /net/pc230042/nobackup/users/sager/nobackup_2_old/ERA5/1991/mon/era5_tp_199101-199112.nc /net/pc230042/nobackup/users/sager/nobackup_2_old/ERA5/1992/mon/era5_tp_199201-199212.nc /net/pc230042/nobackup/users/sager/nobackup_2_old/ERA5/1993/mon/era5_tp_199301-199312.nc /net/pc230042/nobackup/users/sager/nobackup_2_old/ERA5/1994/mon/era5_tp_199401-199412.nc /net/pc230042/nobackup/users/sager/nobackup_2_old/ERA5/1995/mon/era5_tp_199501-199512.nc /net/pc230042/nobackup/users/sager/nobackup_2_old/ERA5/1996/mon/era5_tp_199601-199612.nc /net/pc230042/nobackup/users/sager/nobackup_2_old/ERA5/1997/mon/era5_tp_199701-199712.nc /net/pc230042/nobackup/users/sager/nobackup_2_old/ERA5/1998/mon/era5_tp_199801-199812.nc /net/pc230042/nobackup/users/sager/nobackup_2_old/ERA5/1999/mon/era5_tp_199901-199912.nc /net/pc230042/nobackup/users/sager/nobackup_2_old/ERA5/2000/mon/era5_tp_200001-200012.nc /net/pc230042/nobackup/users/sager/nobackup_2_old/ERA5/2001/mon/era5_tp_200101-200112.nc /net/pc230042/nobackup/users/sager/nobackup_2_old/ERA5/2002/mon/era5_tp_200201-200212.nc /net/pc230042/nobackup/users/sager/nobackup_2_old/ERA5/2003/mon/era5_tp_200301-200312.nc /net/pc230042/nobackup/users/sager/nobackup_2_old/ERA5/2004/mon/era5_tp_200401-200412.nc /net/pc230042/nobackup/users/sager/nobackup_2_old/ERA5/2005/mon/era5_tp_200501-200512.nc /net/pc230042/nobackup/users/sager/nobackup_2_old/ERA5/2006/mon/era5_tp_200601-200612.nc /net/pc230042/nobackup/users/sager/nobackup_2_old/ERA5/2007/mon/era5_tp_200701-200712.nc /net/pc230042/nobackup/users/sager/nobackup_2_old/ERA5/2008/mon/era5_tp_200801-200812.nc /net/pc230042/nobackup/users/sager/nobackup_2_old/ERA5/2009/mon/era5_tp_200901-200912.nc /net/pc230042/nobackup/users/sager/nobackup_2_old/ERA5/2010/mon/era5_tp_201001-201012.nc /net/pc230042/nobackup/users/sager/nobackup_2_old/ERA5/2011/mon/era5_tp_201101-201112.nc /net/pc230042/nobackup/users/sager/nobackup_2_old/ERA5/2012/mon/era5_tp_201201-201212.nc /net/pc230042/nobackup/users/sager/nobackup_2_old/ERA5/2013/mon/era5_tp_201301-201312.nc /net/pc230042/nobackup/users/sager/nobackup_2_old/ERA5/2014/mon/era5_tp_201401-201412.nc /net/pc230042/nobackup/users/sager/nobackup_2_old/ERA5/2015/mon/era5_tp_201501-201512.nc /net/pc230042/nobackup/users/sager/nobackup_2_old/ERA5/2016/mon/era5_tp_201601-201612.nc /net/pc230042/nobackup/users/sager/nobackup_2_old/ERA5/2017/mon/era5_tp_201701-201712.nc /net/pc230042/nobackup/users/sager/nobackup_2_old/ERA5/2018/mon/era5_tp_201801-201812.nc /net/pc230042/nobackup/users/sager/nobackup_2_old/ERA5/2019/mon/era5_tp_201901-201912.nc /net/pc230042/nobackup/users/sager/nobackup_2_old/ERA5/2020/mon/era5_tp_202001-202012.nc /net/pc230042/nobackup/users/sager/nobackup_2_old/ERA5/2021/mon/era5_tp_202101-202112.nc /net/pc230042/nobackup/users/sager/nobackup_2_old/ERA5/2022/mon/era5_tp_202201-202212.nc /net/pc230042/nobackup/users/sager/nobackup_2_old/ERA5/2023/mon/era5_tp_202301-202312.nc /net/pc230042/nobackup/users/sager/nobackup_2_old/ERA5/2024/mon/era5_tp_202401-202412.nc /net/pc230042/nobackup/users/sager/nobackup_2_old/ERA5/2025/mon/era5_tp_202501-202512.nc /net/pc230042/nobackup/users/sager/nobackup_2_old/ERA5/2026/mon/era5_tp_202601-202612.nc era5_tp.nc\nFri Feb 26 12:33:50 2021: cdo -O -z zip copy era5_195001_tp.nc era5_195002_tp.nc era5_195003_tp.nc era5_195004_tp.nc era5_195005_tp.nc era5_195006_tp.nc era5_195007_tp.nc era5_195008_tp.nc era5_195009_tp.nc era5_195010_tp.nc era5_195011_tp.nc era5_195012_tp.nc /nobackup_2/users/sager/ERA5/1950/mon/era5_tp_195001-195012.nc\nFri Feb 26 12:29:45 2021: ncatted -O -a long_name,tp,m,c,Precipitation -a standard_name,tp,m,c,precipitation_flux -a units,tp,m,c,mm/dy -a title,global,m,c,"ERA5 reanalysis, https://www.ecmwf.int/en/forecasts/datasets/reanalysis-datasets/era5" /nobackup_1/users/sager/CX/TMP/monthly/1950/era5_195001_tp.nc /nobackup_1/users/sager/CX/TMP/monthly/1950/era5_195001_tp_atted.nc\nFri Feb 26 12:29:45 2021: cdo -O -v -s -r -b 32 -f nc4 -z zip setgridtype,regular -mulc,1000.0 -setname,tp -settaxis,1950-01-15,0:00,1mon /nobackup_1/users/sager/CX/TMP/monthly/1950/era5_195001_TP.grb /nobackup_1/users/sager/CX/TMP/monthly/1950/era5_195001_tp.nc
# ave_region :: lon=  353.875  355.125, lat=   36.875   38.125
# averaging anomalies over region lon=  353.875  355.125, lat=   36.875   38.125
# tp [mm/dy] Precipitation
 1950   1.145921       1.342100       1.140185      0.6269947       1.716606      0.1399746      0.1083531E-01  0.1885633E-01   1.066659       1.944122      0.5089382       2.851528    
 1951   2.137455       2.780077       3.314420       1.641049      0.7093718      0.1390743      0.1705568E-01  0.2733256E-02  0.2437674      0.7733043       5.925222      0.8528485    
 1952   1.949635      0.3798057       4.587331       1.071001       2.742400      0.1996209      0.1344812E-01  0.5427531       1.241114       1.005087       1.582809       2.504368    
 1953   1.364597       1.082092       2.008708       2.384337      0.1287892      0.2044648      0.3056315E-02  0.2755995E-02  0.2411124       3.668472      0.5331456       2.701870    
 1954  0.4122076      0.8136467       3.471646       1.591262      0.4673806      0.1155983      0.3060207E-01  0.3118097E-01  0.1225789E-02  0.1759040       2.306227       1.019014    
 1955   4.220825       3.991217       2.514311      0.3123490       1.175730      0.1491016      0.1652299E-01  0.8030052E-01  0.5117290E-01   3.546848       5.215935       2.863950    
 1956   2.706139       1.875467       4.680296       2.881406      0.3912050      0.8144510E-02  0.8860228E-02  0.8570030       1.177295      0.8931699       1.164250      0.8021269    
 1957  0.8977440       1.390021       1.103222       2.933747       2.514407      0.4089508      0.7639670E-03  0.1125362E-01  0.9744862       1.869528       1.961812       1.599629    
 1958   1.511639       1.121015       2.273930      0.9256139      0.5281231      0.3037651      0.1096742E-01  0.2587574      0.3374478E-01  0.4086998       1.025802       7.580444    
 1959   1.430068       1.266070       2.354518      0.9890023       2.451000      0.7522780E-01  0.1321700      0.1014945      0.7320194       1.329702       2.645503       1.777096    
 1960   3.024397       5.558246       3.572510      0.8926131       1.216916      0.5910617      0.3104760E-01  0.3587399E-01  0.3251460       7.658526       2.247467       1.835423    
 1961   1.058052      0.2411714       1.061323       1.095374       2.107576      0.6308460      0.1065780      0.4023868E-02   1.037458       1.703715       7.372786       4.403975    
 1962   1.526268       1.384489       5.655775       2.791856      0.6721596      0.7732263      0.1530988E-03  0.6995685E-02  0.4924193       4.059115       2.186620       6.053491    
 1963   4.473946       4.215398       1.103045       3.229873       1.422092      0.6313909      0.4262017E-01  0.3059140E-02   1.228888      0.4350933       4.242561       6.684643    
 1964  0.5126889       5.457472       3.087263       1.044420      0.5317394      0.3313650      0.7312589E-01  0.5615838E-01  0.3064024      0.1700737       1.326061       1.756177    
 1965   2.353879       2.699395       2.072596      0.3502495      0.9492637E-01  0.3068618      0.8452304E-02  0.9913550E-02   1.725966       4.440574       2.755319       1.467324    
 1966   3.455209       4.845021      0.1945943       2.445628      0.2444945      0.3407528      0.2888289E-01  0.2065526E-02   1.263825       2.652022       2.315078      0.4327025    
 1967   2.101869       2.702812      0.8492992       1.040147       1.162281       1.884233      0.1267348E-01  0.7490555E-02  0.6001158       2.616312       3.145047      0.4208311    
 1968  0.4568201E-01   5.274333       3.239841       1.716388      0.5961527      0.7403628      0.9578867E-01  0.3589146      0.8635904E-01  0.8157641       2.991566       1.314731    
 1969   3.328844       6.350424       3.609011       1.162540       1.329507      0.8456702      0.3210912E-01  0.4218902       1.655210       2.397318       5.277052       1.322614    
 1970   9.813089      0.7553560       1.844920       1.550866       1.027272       2.155075      0.7090526E-02  0.3288046E-01  0.1246761E-01  0.4565455       1.836524       1.513056    
 1971   3.024366      0.1832197       1.947662       4.903493       2.905346      0.9046036      0.7502535      0.3817874      0.9390051      0.6122124      0.8593311       1.522658    
 1972   3.829168       4.450158       3.609746      0.7264013       1.223080      0.5935982      0.5913692      0.1084675       2.051310       6.429623       1.531356       3.399933    
 1973   1.947214      0.8124849       1.447981      0.4016681       2.599756       1.219270      0.2331589      0.9781402E-01  0.1138306E-01   1.078729       1.407291       2.350642    
 1974   1.188583       1.643942       1.786276       3.160141      0.4964466       1.033951      0.5549140E-01  0.4334518E-01  0.5376557E-01  0.5017394       1.010207      0.5886261    
 1975   1.869348       3.098016       3.860142       1.730430       1.733431      0.7299799      0.5260918E-02  0.1945501      0.5168321      0.2833850      0.5555177       2.276969    
 1976  0.9095896       2.991620       1.321663       3.922436       1.265124       1.103575      0.5364448      0.2925812       2.754512       1.970605       1.441114       4.862623    
 1977   4.412862       2.600982      0.3015940      0.2241971      0.3470501      0.8198854      0.4313261      0.1388013      0.2264315       1.996992       2.326408       4.664045    
 1978  0.6020327       4.270710      0.9772128       2.374810       1.584798       1.692260      0.5350803E-02  0.2853984E-01  0.2488299      0.3161356      0.9306065       4.277154    
 1979   5.623672       4.352787       2.059397       1.846879      0.2608993       1.072437      0.4692713      0.7659222E-02  0.9197700       5.706648      0.4160076      0.7955397    
 1980   1.324443       1.844367       2.003106      0.6674236       1.808262      0.1920464      0.3512301E-02  0.1808295      0.5949357       1.235479       2.615325      0.1639871    
 1981  0.1578715E-01  0.7600992       1.426588       2.666577      0.7867335      0.3409496      0.3286189      0.1609897      0.5275462      0.4585029      0.2273999E-01   4.789622    
 1982   2.073875       1.552313       1.015093       1.614413      0.7984396      0.1389406      0.4957280      0.3346832      0.5499373      0.4310689       4.139458      0.8603675    
 1983  0.1019479E-01  0.6589193      0.4419014       2.203993      0.4190844      0.1019324      0.5218822E-02   1.214924      0.1751862      0.5642123       6.730112       2.334772    
 1984  0.8806478       1.284624       2.054780       2.076058       1.986932      0.7944967      0.1304135E-02  0.6445006E-01  0.2958517      0.5480130       5.929523      0.2882817    
 1985   3.989324       3.439431      0.4019738       1.918597       1.483235      0.6930414      0.8676519E-02  0.9884925E-03  0.3467701      0.2260356E-01   2.697910       3.157563    
 1986   1.087550       3.759488       1.954303       1.750615      0.7891291      0.4749686      0.1268800      0.1898948E-01   1.018631       2.361722       1.956441      0.6581803    
 1987   4.171993       2.570527      0.3034855       2.005349      0.1619193      0.1616636       1.446073      0.9596488      0.9566446       3.814802       1.404300       5.412008    
 1988   3.360837      0.9565230      0.4147277      0.9109203       2.368472       1.838082      0.8679921E-01  0.7488537E-02  0.3790462E-01   2.382049       3.027111      0.1760517    
 1989   1.134311       2.283382       1.205277       1.781950       1.326480      0.1291484      0.4628552E-01  0.1597430       1.533628       2.954666       8.440820       6.470640    
 1990   1.742019      0.1359089E-01  0.7934974       3.624644      0.4280831      0.4139866E-01  0.5484322E-01  0.8129599E-01  0.3719985       2.594880       1.465694       1.184705    
 1991  0.5082563       3.628742       3.593423       1.175495      0.9150808E-01  0.5147856      0.1028560      0.2178660E-01   1.181052       3.007282      0.6726829      0.7394730    
 1992  0.2631151       1.675817      0.7722892       1.505930      0.6636607       2.535908      0.5779541E-01  0.1140274      0.7847124       3.146657      0.2476795       1.000470    
 1993  0.9304836      0.7597516       1.523977       2.229714       1.831329      0.3870867      0.6886803E-03  0.3320926E-01  0.3251153       3.761494       2.290474      0.1240895    
 1994   1.465969       2.405356      0.7997911E-01   1.239792       1.913049      0.4644505E-01  0.7203062E-01  0.1643584E-01  0.1734113      0.8408154       1.450485      0.4085976    
 1995  0.9848570       1.374792       1.199530      0.5384662      0.2656669      0.5685713      0.1068955      0.8424045E-01  0.2374884      0.1662290       3.141803       6.029822    
 1996   9.105894       2.105530       1.362594       1.276485       3.247229      0.4522434E-01  0.8901753E-01  0.1599577       1.722930       1.353041       2.213724       9.969856    
 1997   4.156498      0.2481807E-01  0.2216893E-01   1.547628       1.387460      0.8493544      0.8339734      0.4832672       2.441562       1.748319       6.135691       6.060788    
 1998   2.099093       2.475846      0.8923516      0.9462878       2.666219      0.6090378      0.1754140E-01  0.1311911       1.483836      0.2609837      0.4658739       1.360198    
 1999   1.135184      0.3923782       1.725540      0.7570351      0.5039151      0.1469574      0.4705087E-01  0.3273335E-01   1.870941       4.076965      0.7077960       1.127373    
 2000  0.4314095      0.2704430E-01  0.6595624       4.282825       2.003667      0.1200905      0.1672834E-02  0.1006612E-01  0.4336249       1.329584       2.165355       5.076809    
 2001   4.230299       1.383244       3.943937      0.1195644       1.968441      0.6936016E-01  0.1180231      0.4333314E-01   2.044082       3.648765       2.284642       2.074910    
 2002  0.8209893      0.4406061       2.941062       2.153280      0.8213373      0.1441487      0.1010328E-01  0.1637631E-01   2.201489       1.366708       3.802297       3.367395    
 2003   1.586274       3.643336       2.219463       1.638722      0.4743573      0.6958410E-01  0.1046993E-01  0.3469630      0.8642638       5.007554       2.897243       3.182546    
 2004  0.7408953       3.892101       3.020275       1.755429       2.634323      0.1123475      0.5405485E-01  0.1922739      0.6547608E-01   2.548128      0.2060392       1.295916    
 2005  0.1756775E-02   1.791624       1.053009      0.4862668      0.9812312      0.1481960      0.1548782E-01  0.1768472E-01  0.3075416       2.135994      0.7095962       1.119218    
 2006   2.631457       1.894541       2.568689       1.062088      0.6563288      0.8696854      0.6797662E-01  0.5955506      0.8056875       5.145088       3.845550      0.8117743    
 2007   1.125334       1.847731      0.8780814       2.251040       2.526142      0.2477552      0.7583299E-03  0.1990536       1.571562       1.069379       1.816118       1.016291    
 2008   1.277355       1.808417      0.6638413       5.497731       1.605381      0.1290975      0.1093063      0.1639216E-01   2.331121       2.461969       1.072094       1.610903    
 2009   1.709878       2.499781       1.347765       1.328172      0.2248571      0.2061628      0.3974948E-02  0.3278522E-01  0.6515827      0.7947508      0.7285767       9.613537    
 2010   3.991230       7.088670       2.521581       1.727294      0.5411454      0.8272249      0.8446009E-01  0.2312726      0.8307180       2.369832       2.976952       8.028689    
 2011   1.822515       1.718617       2.309096       2.693158       1.787137      0.2214807      0.3720922E-01  0.1335036      0.7574840       1.829364       3.603886      0.2927604    
 2012  0.3604650      0.9133466E-01  0.3226584       1.746322       1.310932      0.2028325E-01  0.7215877E-02  0.1802956E-01   2.033167       2.913775       5.571741       1.476351    
 2013   1.806472       2.404642       5.680490       1.287179      0.4813034      0.5558261E-01  0.3514758E-01  0.4945780      0.7387600       2.348180      0.2259363       1.825563    
 2014   2.152708       2.550633       1.367321       1.708505      0.3032034      0.3986633      0.1294073E-01  0.7614170E-03   1.743691       1.737874       4.776644       1.155139    
 2015   1.380565      0.7280014       1.670434       1.413379      0.9177426E-01  0.2477786      0.6176521E-01  0.1162696      0.6596915       3.226729       1.083846      0.3483691    
 2016   1.544350       1.291159      0.7486984       2.435401       2.981242      0.4842775E-01  0.1216628      0.1499259E-01  0.2932361       2.169481       3.588979       2.178278    
 2017  0.5840304       1.991575       1.874931       1.792433      0.9580648      0.6859618E-01  0.2929454      0.4164577      0.2466918E-01   1.198207       1.263226       1.097243    
 2018   1.814011       1.705875       7.918234       2.124902       1.421888      0.2184107      0.2512075E-02  0.7353050E-01  0.9448590       3.612645       3.094018      0.2987800    
 2019  0.4611323      0.6484677      0.6747162       1.873776      0.2986525E-01  0.2913940E-02  0.2268291E-01  0.8804165E-01   1.056688      0.4996170       1.741430       2.652703    
 2020   1.464015      0.8155895E-01   2.274574       2.711036       1.145530      0.1734761      0.3305951E-01  0.1669135       1.020577       1.266241       3.325231       1.112088    
 2021   3.181975       1.639981       1.090989       1.609247      0.3391422      0.3294541      0.2134713E-02  0.5981024E-01   1.584199       1.066466      0.9001678       2.074106    
 2022  0.2402178      0.3653463       4.787526       1.835879      0.3045831      0.3017820E-01  0.4567332E-03  0.1397070      0.4616264      0.7840095      0.8090995       4.154208    
 2023  0.6199745      0.4074307      0.3780475      0.9265207E-01   1.645792       1.193657      0.8725953E-02  0.1560375E-01   1.001638       2.584388      0.7543845       1.119201    
 2024   1.786671       2.578110       5.012050      0.4256566      0.1051051      0.6373933      0.1107159E-01  0.2757476E-01  0.2759579       6.814091       1.389794      0.2944795    
 2025   3.323781       1.121412       7.152302       2.342097      0.9322551      0.2181862      0.5334906E-02  0.2918090E-01  0.2323133       1.648385       3.266654       2.593560    
 2026   4.559853       4.585514       1.413184       1.958819      0.4139651      -999.9000      -999.9000      -999.9000      -999.9000      -999.9000      -999.9000      -999.9000    
