# using year1  1950
# using year2  2026
# minimal_valid_fraction ::  30.00
# operating on 
# <a href=http://climexp.knmi.nl/select.cgi?field=era5_tp>climexp.knmi.nl/select.cgi?field=era5_tp</a>
# file :: /data/climexp_data_collection/ERA5/era5_tp.nc
# cdi :: Climate Data Interface version 2.5.3 (https://mpimet.mpg.de/cdi)
# institution :: KNMI Climate Explorer and European Centre for Medium-Range Weather Forecasts
# cdo :: Climate Data Operators version 2.5.3 (https://mpimet.mpg.de/cdo)
# geospatial_lat_max ::     90.1
# geospatial_lon_min ::     -0.1
# geospatial_lon_units :: degrees_east
# geospatial_lon_resolution ::      0.2
# time_coverage_start :: 1950-01-15
# time_coverage_end :: 2026-05-15
# climexp_url :: https://climexp.knmi.nl/select.cgi?era5_tp
# nco :: netCDF Operators version 5.3.3 (Homepage = http://nco.sf.net, Code = http://github.com/nco/nco, Citation = 10.1016/j.envsoft.2008.03.004)
# scripturl01 :: http://climexp.knmi.nl/get_index.cgi?delta_lat=0.25&delta_lon=0.25&email=someone@somewhere&field=era5_tp&gridpoints=false&intertype=nearest&lat1=38&lat2=39&lat_max=90.00&lat_min=-90.00&lon1=13&lon2=14&lon_max=359.75&lon_min=0.00&masktype=all&year1=1950&year2=2026&year_max=2026&year_min=1950
# history ::  2026-07-19 13:24:35 bin/get_index /data/climexp_data_collection/ERA5/era5_tp.nc 13 14 38 39 dipole no year1 1950 year2 2026 minfac 30 nearest lsmask /data/climexp_data_collection/ERA5/era5_000000_lsm-025.nc all nomissing era5_tp_13-14E_38-39N_1950-2026_n\nSat Jun  6 08:38:11 2026: ncatted -a cell_methods,tp,d,, era5_tp.nc\nSat Jun 06 08:36:47 2026: cdo -r -f nc4 -z zip -O mergetime /net/pc230042/nobackup/users/sager/nobackup_2_old/ERA5/1950/mon/era5_tp_195001-195012.nc /net/pc230042/nobackup/users/sager/nobackup_2_old/ERA5/1951/mon/era5_tp_195101-195112.nc /net/pc230042/nobackup/users/sager/nobackup_2_old/ERA5/1952/mon/era5_tp_195201-195212.nc /net/pc230042/nobackup/users/sager/nobackup_2_old/ERA5/1953/mon/era5_tp_195301-195312.nc /net/pc230042/nobackup/users/sager/nobackup_2_old/ERA5/1954/mon/era5_tp_195401-195412.nc /net/pc230042/nobackup/users/sager/nobackup_2_old/ERA5/1955/mon/era5_tp_195501-195512.nc /net/pc230042/nobackup/users/sager/nobackup_2_old/ERA5/1956/mon/era5_tp_195601-195612.nc /net/pc230042/nobackup/users/sager/nobackup_2_old/ERA5/1957/mon/era5_tp_195701-195712.nc /net/pc230042/nobackup/users/sager/nobackup_2_old/ERA5/1958/mon/era5_tp_195801-195812.nc /net/pc230042/nobackup/users/sager/nobackup_2_old/ERA5/1959/mon/era5_tp_195901-195912.nc /net/pc230042/nobackup/users/sager/nobackup_2_old/ERA5/1960/mon/era5_tp_196001-196012.nc /net/pc230042/nobackup/users/sager/nobackup_2_old/ERA5/1961/mon/era5_tp_196101-196112.nc /net/pc230042/nobackup/users/sager/nobackup_2_old/ERA5/1962/mon/era5_tp_196201-196212.nc /net/pc230042/nobackup/users/sager/nobackup_2_old/ERA5/1963/mon/era5_tp_196301-196312.nc /net/pc230042/nobackup/users/sager/nobackup_2_old/ERA5/1964/mon/era5_tp_196401-196412.nc /net/pc230042/nobackup/users/sager/nobackup_2_old/ERA5/1965/mon/era5_tp_196501-196512.nc /net/pc230042/nobackup/users/sager/nobackup_2_old/ERA5/1966/mon/era5_tp_196601-196612.nc /net/pc230042/nobackup/users/sager/nobackup_2_old/ERA5/1967/mon/era5_tp_196701-196712.nc /net/pc230042/nobackup/users/sager/nobackup_2_old/ERA5/1968/mon/era5_tp_196801-196812.nc /net/pc230042/nobackup/users/sager/nobackup_2_old/ERA5/1969/mon/era5_tp_196901-196912.nc /net/pc230042/nobackup/users/sager/nobackup_2_old/ERA5/1970/mon/era5_tp_197001-197012.nc /net/pc230042/nobackup/users/sager/nobackup_2_old/ERA5/1971/mon/era5_tp_197101-197112.nc /net/pc230042/nobackup/users/sager/nobackup_2_old/ERA5/1972/mon/era5_tp_197201-197212.nc /net/pc230042/nobackup/users/sager/nobackup_2_old/ERA5/1973/mon/era5_tp_197301-197312.nc /net/pc230042/nobackup/users/sager/nobackup_2_old/ERA5/1974/mon/era5_tp_197401-197412.nc /net/pc230042/nobackup/users/sager/nobackup_2_old/ERA5/1975/mon/era5_tp_197501-197512.nc /net/pc230042/nobackup/users/sager/nobackup_2_old/ERA5/1976/mon/era5_tp_197601-197612.nc /net/pc230042/nobackup/users/sager/nobackup_2_old/ERA5/1977/mon/era5_tp_197701-197712.nc /net/pc230042/nobackup/users/sager/nobackup_2_old/ERA5/1978/mon/era5_tp_197801-197812.nc /net/pc230042/nobackup/users/sager/nobackup_2_old/ERA5/1979/mon/era5_tp_197901-197912.nc /net/pc230042/nobackup/users/sager/nobackup_2_old/ERA5/1980/mon/era5_tp_198001-198012.nc /net/pc230042/nobackup/users/sager/nobackup_2_old/ERA5/1981/mon/era5_tp_198101-198112.nc /net/pc230042/nobackup/users/sager/nobackup_2_old/ERA5/1982/mon/era5_tp_198201-198212.nc /net/pc230042/nobackup/users/sager/nobackup_2_old/ERA5/1983/mon/era5_tp_198301-198312.nc /net/pc230042/nobackup/users/sager/nobackup_2_old/ERA5/1984/mon/era5_tp_198401-198412.nc /net/pc230042/nobackup/users/sager/nobackup_2_old/ERA5/1985/mon/era5_tp_198501-198512.nc /net/pc230042/nobackup/users/sager/nobackup_2_old/ERA5/1986/mon/era5_tp_198601-198612.nc /net/pc230042/nobackup/users/sager/nobackup_2_old/ERA5/1987/mon/era5_tp_198701-198712.nc /net/pc230042/nobackup/users/sager/nobackup_2_old/ERA5/1988/mon/era5_tp_198801-198812.nc /net/pc230042/nobackup/users/sager/nobackup_2_old/ERA5/1989/mon/era5_tp_198901-198912.nc /net/pc230042/nobackup/users/sager/nobackup_2_old/ERA5/1990/mon/era5_tp_199001-199012.nc /net/pc230042/nobackup/users/sager/nobackup_2_old/ERA5/1991/mon/era5_tp_199101-199112.nc /net/pc230042/nobackup/users/sager/nobackup_2_old/ERA5/1992/mon/era5_tp_199201-199212.nc /net/pc230042/nobackup/users/sager/nobackup_2_old/ERA5/1993/mon/era5_tp_199301-199312.nc /net/pc230042/nobackup/users/sager/nobackup_2_old/ERA5/1994/mon/era5_tp_199401-199412.nc /net/pc230042/nobackup/users/sager/nobackup_2_old/ERA5/1995/mon/era5_tp_199501-199512.nc /net/pc230042/nobackup/users/sager/nobackup_2_old/ERA5/1996/mon/era5_tp_199601-199612.nc /net/pc230042/nobackup/users/sager/nobackup_2_old/ERA5/1997/mon/era5_tp_199701-199712.nc /net/pc230042/nobackup/users/sager/nobackup_2_old/ERA5/1998/mon/era5_tp_199801-199812.nc /net/pc230042/nobackup/users/sager/nobackup_2_old/ERA5/1999/mon/era5_tp_199901-199912.nc /net/pc230042/nobackup/users/sager/nobackup_2_old/ERA5/2000/mon/era5_tp_200001-200012.nc /net/pc230042/nobackup/users/sager/nobackup_2_old/ERA5/2001/mon/era5_tp_200101-200112.nc /net/pc230042/nobackup/users/sager/nobackup_2_old/ERA5/2002/mon/era5_tp_200201-200212.nc /net/pc230042/nobackup/users/sager/nobackup_2_old/ERA5/2003/mon/era5_tp_200301-200312.nc /net/pc230042/nobackup/users/sager/nobackup_2_old/ERA5/2004/mon/era5_tp_200401-200412.nc /net/pc230042/nobackup/users/sager/nobackup_2_old/ERA5/2005/mon/era5_tp_200501-200512.nc /net/pc230042/nobackup/users/sager/nobackup_2_old/ERA5/2006/mon/era5_tp_200601-200612.nc /net/pc230042/nobackup/users/sager/nobackup_2_old/ERA5/2007/mon/era5_tp_200701-200712.nc /net/pc230042/nobackup/users/sager/nobackup_2_old/ERA5/2008/mon/era5_tp_200801-200812.nc /net/pc230042/nobackup/users/sager/nobackup_2_old/ERA5/2009/mon/era5_tp_200901-200912.nc /net/pc230042/nobackup/users/sager/nobackup_2_old/ERA5/2010/mon/era5_tp_201001-201012.nc /net/pc230042/nobackup/users/sager/nobackup_2_old/ERA5/2011/mon/era5_tp_201101-201112.nc /net/pc230042/nobackup/users/sager/nobackup_2_old/ERA5/2012/mon/era5_tp_201201-201212.nc /net/pc230042/nobackup/users/sager/nobackup_2_old/ERA5/2013/mon/era5_tp_201301-201312.nc /net/pc230042/nobackup/users/sager/nobackup_2_old/ERA5/2014/mon/era5_tp_201401-201412.nc /net/pc230042/nobackup/users/sager/nobackup_2_old/ERA5/2015/mon/era5_tp_201501-201512.nc /net/pc230042/nobackup/users/sager/nobackup_2_old/ERA5/2016/mon/era5_tp_201601-201612.nc /net/pc230042/nobackup/users/sager/nobackup_2_old/ERA5/2017/mon/era5_tp_201701-201712.nc /net/pc230042/nobackup/users/sager/nobackup_2_old/ERA5/2018/mon/era5_tp_201801-201812.nc /net/pc230042/nobackup/users/sager/nobackup_2_old/ERA5/2019/mon/era5_tp_201901-201912.nc /net/pc230042/nobackup/users/sager/nobackup_2_old/ERA5/2020/mon/era5_tp_202001-202012.nc /net/pc230042/nobackup/users/sager/nobackup_2_old/ERA5/2021/mon/era5_tp_202101-202112.nc /net/pc230042/nobackup/users/sager/nobackup_2_old/ERA5/2022/mon/era5_tp_202201-202212.nc /net/pc230042/nobackup/users/sager/nobackup_2_old/ERA5/2023/mon/era5_tp_202301-202312.nc /net/pc230042/nobackup/users/sager/nobackup_2_old/ERA5/2024/mon/era5_tp_202401-202412.nc /net/pc230042/nobackup/users/sager/nobackup_2_old/ERA5/2025/mon/era5_tp_202501-202512.nc /net/pc230042/nobackup/users/sager/nobackup_2_old/ERA5/2026/mon/era5_tp_202601-202612.nc era5_tp.nc\nFri Feb 26 12:33:50 2021: cdo -O -z zip copy era5_195001_tp.nc era5_195002_tp.nc era5_195003_tp.nc era5_195004_tp.nc era5_195005_tp.nc era5_195006_tp.nc era5_195007_tp.nc era5_195008_tp.nc era5_195009_tp.nc era5_195010_tp.nc era5_195011_tp.nc era5_195012_tp.nc /nobackup_2/users/sager/ERA5/1950/mon/era5_tp_195001-195012.nc\nFri Feb 26 12:29:45 2021: ncatted -O -a long_name,tp,m,c,Precipitation -a standard_name,tp,m,c,precipitation_flux -a units,tp,m,c,mm/dy -a title,global,m,c,"ERA5 reanalysis, https://www.ecmwf.int/en/forecasts/datasets/reanalysis-datasets/era5" /nobackup_1/users/sager/CX/TMP/monthly/1950/era5_195001_tp.nc /nobackup_1/users/sager/CX/TMP/monthly/1950/era5_195001_tp_atted.nc\nFri Feb 26 12:29:45 2021: cdo -O -v -s -r -b 32 -f nc4 -z zip setgridtype,regular -mulc,1000.0 -setname,tp -settaxis,1950-01-15,0:00,1mon /nobackup_1/users/sager/CX/TMP/monthly/1950/era5_195001_TP.grb /nobackup_1/users/sager/CX/TMP/monthly/1950/era5_195001_tp.nc
# ave_region :: lon=   12.875   14.125, lat=   37.875   39.125
# averaging anomalies over region lon=   12.875   14.125, lat=   37.875   39.125
# tp [mm/dy] Precipitation
 1950   2.040074       2.464033       1.834479       1.143378      0.1534244      0.8994658E-01  0.9165895E-03  0.2532381      0.8714381       2.076994       1.767370       3.602098    
 1951   2.904209       2.441056       2.401428      0.7000198      0.6967509      0.9968384E-01  0.7546940E-01  0.7811260       1.980588       7.663218       2.810853       1.569369    
 1952   1.775576       3.624641       1.352295      0.8919903      0.3176721      0.4045447E-02  0.3364022      0.4304925E-01  0.2123569       1.798237       3.742933       2.563710    
 1953   4.382043       2.504990       1.511769      0.9246792       1.518253      0.7553861      0.7778782E-02   1.610645      0.6370205       5.053054       2.246680       1.819744    
 1954   4.464094       5.646428       1.795595       2.046042      0.7822336      0.9755573E-01  0.1603945      0.2352228      0.1593466       3.636153       4.301928       1.943579    
 1955   3.111760       2.402034       1.885623       1.235823      0.2461848      0.4334267E-01  0.1493868      0.5627185       4.756816       3.891938       2.862764       1.920979    
 1956   1.731568       5.400495      0.8963242      0.7797886      0.3071553      0.1841476      0.1247718E-01  0.3209329E-01  0.8372120       1.792895       3.968021       3.068742    
 1957   2.531937      0.2346894       1.343671       1.440681       1.275620      0.4180051      0.3202976E-01  0.6201864       2.056560       5.108781       3.536073       3.004026    
 1958   2.621550       2.296132       2.053646       2.361950      0.4266432      0.1443255      0.1122110      0.2449181E-01  0.2042977       2.598068       5.015689       3.266943    
 1959   2.323483      0.6777969       2.455552       2.293552      0.5669114      0.3887035      0.1340755      0.4307732      0.8410417       2.235246       3.390414       2.676324    
 1960   2.912945       1.674173       3.154916       2.047779      0.8481469      0.1027459      0.7512944E-01  0.1726126E-01   1.924469       1.095262       2.231662       3.250101    
 1961   2.662530       1.232939      0.9519587      0.6513416      0.2346102      0.4396003      0.1660058      0.9822914E-01  0.2718250E-01   3.225126       3.711498       2.839153    
 1962   2.713805       2.047309       2.951761       1.327295      0.1765172      0.8167919      0.1612742      0.1656242E-01  0.7387805       4.214450       2.904216       3.884892    
 1963   2.338801       3.691682       2.107437       1.495989      0.9717327      0.4517522       1.105295      0.6122047       1.834734       4.441844       1.180119       3.301498    
 1964   1.880721       1.644570       1.935849       1.185576      0.1268927      0.4018683      0.1336188       2.198679      0.6024339       3.341067       1.598657       3.772202    
 1965   4.193456       3.013371       1.191690       1.202833      0.1849449      0.1227162      0.5266829E-01   1.397595       1.545963       3.703300       2.672719       2.732485    
 1966   3.553749       1.168454       2.541242       2.112422       1.684953      0.1567417      0.1450721      0.1139440      0.8764814       2.938453       4.166159       2.943217    
 1967   2.831879       2.210386       1.543635       1.475891      0.4390187      0.2041109      0.6232141E-01  0.3790072       1.737841       1.260039       1.757931       3.728338    
 1968   4.411938       1.277912       1.635726      0.4368511      0.8006337       1.656753      0.3132508E-01  0.8295869      0.6660812       1.588851       3.469321       5.151880    
 1969   2.404804       2.582513       4.028583       1.167197      0.5339309      0.6542577       1.116104      0.6927279       3.298830       1.634601       1.301905       5.933068    
 1970   2.860877       2.295707       1.464667       1.014249       1.321974      0.8780781E-01  0.1120663      0.1868276       1.143127       2.616464      0.7366641       3.441061    
 1971   2.981253       4.497684       3.222898       1.356768       1.442973      0.2794048      0.4325056      0.1245681       1.970925       2.428606       3.460737       1.840816    
 1972   2.613973       3.045369       1.335371       2.480535       1.281296      0.4010697      0.7056635      0.8905576       4.739874       2.820491      0.9367542       5.900613    
 1973   3.478852       3.877491       2.604495       1.388795      0.1931159      0.1400192      0.4920091      0.3962875       2.072896       4.462811       1.452557       2.965116    
 1974   1.243636       3.677038       1.539368       2.939818      0.8155336      0.2375783      0.1633143      0.7484954       2.424025       4.104857       2.003208       1.663898    
 1975  0.7479727       2.401970       2.326293      0.6962306      0.9407339      0.3544008      0.3796498E-01   1.917053      0.3781320       1.639609       3.250528       2.078686    
 1976   2.895641       2.646101       2.346349       1.460024       1.692253      0.7375570       1.101564      0.8731343      0.3865964       5.208230       5.926206       3.120117    
 1977   1.639705      0.8282509      0.8130242       2.010181      0.3050320      0.4880883      0.4335051E-01  0.4314976      0.6025409      0.5951794       3.258650       1.381599    
 1978   3.898303       3.364560       1.559818       3.057914       1.364018      0.9139669E-01  0.3120065E-01  0.5683767E-01   1.237729       2.393392       2.218922       1.979565    
 1979   2.477404       3.582746      0.9308122       2.773715      0.3581491      0.5751375      0.6325188E-01  0.5803246       1.563990       3.413734       3.160162       1.909797    
 1980   2.671008      0.8807177       3.127467       2.308351       1.815073      0.2663006      0.5419037E-01  0.5135723      0.3279072       2.741626       2.889611       3.092019    
 1981   4.146149       2.973299      0.9342850      0.5995623      0.8529437      0.1374311      0.1899951      0.4814264      0.8004007      0.8980517       2.581565       3.446422    
 1982   1.807950       2.470901       2.911053       2.135476      0.5849135      0.9655140E-01  0.9040414E-01  0.2184416       1.523536       2.243109       3.159484       2.921519    
 1983  0.9683756       2.111221       2.246073      0.7569950      0.3163183      0.2217606      0.9099577E-01  0.7275852       1.454555       2.285186       3.623532       3.802365    
 1984   1.904595       3.117746       2.104263       1.074295      0.3988348      0.1352538      0.1473462E-01  0.3264963       1.887066       1.802716       3.810998       3.017409    
 1985   4.245110       1.867652       2.702657       2.519558      0.9711624      0.7195137E-01  0.3623468E-01  0.4617824E-01   1.319793       1.332328       2.872911      0.6056662    
 1986   3.095761       3.092072       2.077438      0.9666701      0.3300276      0.5558283      0.5477488      0.2139496E-01   1.065313       3.189249       3.175876       2.440857    
 1987   2.209456       3.102901       1.703842      0.4823360       1.268492      0.2784917      0.3950129E-01  0.1194428       1.517322       1.163062       2.878914       1.592299    
 1988   3.297801       2.097501       2.380507       1.257785      0.1243432      0.5625659      0.1711170E-01  0.3212928       2.023174      0.5045145       2.776668       2.885119    
 1989  0.7091717       1.005175      0.5807309       2.071966      0.6355205      0.2420194      0.2106497      0.6659573E-01   1.097528       1.284432       1.599777       1.758097    
 1990   1.907139      0.7437696      0.7549057       2.556486      0.7835791      0.1312572      0.3168268      0.4378652      0.5831537       2.075660       2.216163       4.652784    
 1991   1.551782       2.576798       1.655984       1.479421      0.6008413      0.1816636      0.3269982E-01  0.6932428E-01   1.418253       2.710270       1.910662       2.253212    
 1992   1.972287      0.5044236      0.8342252       2.502622      0.9285338      0.6743388      0.7156991      0.5333629E-01  0.4176092       1.502048       1.925016       3.408926    
 1993   1.247409       2.219508       1.771019      0.9823026       1.286786      0.7657555E-01  0.2783459E-01  0.5239352E-01   1.240879       2.813428       2.640553       2.267519    
 1994   2.512364       4.008230      0.6412890E-01   2.081234      0.4107666      0.4534300      0.2109212      0.3714336E-01  0.3647272       1.772379       1.411433       2.254795    
 1995   3.661695      0.6590492       1.567977       1.054570      0.4141990      0.1354733      0.5964968E-01   1.163090       1.878551      0.2515315       2.895434       2.180494    
 1996   2.123003       3.825166       2.966653       1.442639       1.790974      0.7487444      0.7074683E-01  0.1809191       2.118949       4.587980       2.377919       4.975323    
 1997   1.604860      0.7970328      0.8831858       1.150564      0.1590175      0.1224788      0.3689507E-01  0.6385201       2.919236       4.267783       3.991053       3.017987    
 1998   2.232575       1.214688       1.335557       1.230976      0.7735808      0.6249475E-01  0.2524471E-01   1.768910      0.9656116       4.693788       3.013169       1.959545    
 1999   3.161387       1.374767       1.373755       1.130692      0.9768374E-01  0.1453210      0.3767890      0.1386077       1.163481      0.9076750       4.996209       1.806445    
 2000   1.688381       1.470837      0.6705489       2.005035      0.5594178      0.6479837      0.8069954E-01  0.5794093E-01   2.310925       2.863555       2.004523       1.907116    
 2001   3.426639       2.416744      0.5496299       1.212949       1.378799      0.2166973      0.2873706E-01  0.7569816E-01  0.3573073      0.8633500E-01   3.507395       3.561315    
 2002   1.619846      0.7064212      0.5191233       1.450182       1.219569      0.4538806      0.8133435       1.023447       2.131571       1.503022       1.884348       3.979699    
 2003   3.280087       2.315873      0.9677048       2.070554      0.5663910      0.2043591      0.1930381      0.6199179       4.668027       2.627462       1.313595       3.560918    
 2004   1.932000      0.9066457       2.819926       1.600025      0.7851068      0.8069381      0.3901182      0.9192802E-01   2.754439       1.184014       3.168552       4.216596    
 2005   2.078322       3.365356       1.518178       2.580666      0.5405253      0.3524845      0.1381171      0.6468959       1.257601       1.899661       1.944102       3.916276    
 2006   2.567879       3.248885       2.037160       1.083397      0.4926977E-01  0.9248914      0.1547795      0.4135197       2.592174       1.446242      0.7851710       2.710032    
 2007  0.8741484       2.369743       4.122301       1.442334      0.8214861      0.9277188      0.9625233E-02  0.8455376E-01   1.967590       3.777116       2.997041       2.584239    
 2008   1.191473      0.8109980       2.253531      0.4939760      0.5707117      0.2667719      0.4101154E-01  0.1077648       2.055973       1.445821       1.776428       3.326406    
 2009   5.003207       3.385946       2.011876       3.014946      0.3383009      0.7160272      0.1883585E-01  0.7314651E-01   2.857066       5.808667       2.421371       3.090756    
 2010   4.211349       3.238322       1.587685       1.799407      0.7194448      0.3550664      0.8245931E-01  0.4572273E-01   3.113520       5.318171       2.933693       1.887045    
 2011   1.783239       3.980728       1.340125       1.870392      0.8212065      0.2898456      0.1256071      0.1662054E-01   1.576854       3.020552       1.358939       2.701213    
 2012   1.732013       4.181372       1.295321       2.225299      0.5711451      0.9192560E-02  0.5025973      0.1499646E-01   2.709598       3.677420       1.820243       2.883823    
 2013   4.389822       3.539519       2.882218       1.027752      0.4669968      0.2008293      0.6650395E-01  0.5725433       1.693357      0.9368792       4.558773       2.469972    
 2014   2.644538       2.497716       2.723222       1.552932      0.5770269      0.2127674      0.2161355      0.4131842E-01   1.257529       2.413437       1.606602       3.833184    
 2015   4.288957       5.348501       3.079130      0.3841731       1.360090      0.1734603      0.1126939       1.067383       3.212626       5.099388       3.019932      0.2595733    
 2016   2.212251       1.531214       2.773076      0.6656373       1.278999      0.4553966      0.1579924      0.2017737       1.120010       1.653331       2.919093       1.064347    
 2017   3.386419       1.642563      0.6228997       1.443719      0.5460079E-01  0.1308043      0.1290552      0.1017805E-01   2.010139       1.038292       2.986324       1.482347    
 2018  0.9896752       4.959641       3.038756      0.5026348       1.443875      0.8375871      0.5814078E-01   3.035462       1.096802       3.841965       3.317986       1.670256    
 2019   3.301202       1.458649       1.170170       1.394686       2.174320      0.1270922E-01  0.2189810      0.5203339       2.473513       2.837151       4.366277       2.011491    
 2020  0.1561827      0.2433057       3.318238       1.028329      0.4494594      0.8458338      0.1786370      0.7642730E-01   1.804031       1.257232       2.250813       4.788780    
 2021   2.222908       1.201105       2.726817       1.352895      0.5692880      0.1755583      0.5756351      0.1490770       1.477735       5.058044       4.027071       4.696463    
 2022   1.620592      0.9931647       1.218075      0.8205833      0.9997836      0.6899410E-01  0.2628231E-01  0.9779457       1.531827       1.497635       4.641125       1.125872    
 2023   3.014984       2.228941       1.223758       1.918551       3.506095       1.216604      0.2620760E-01  0.3789690      0.8770333      0.7892471       1.915351      0.9086384    
 2024   2.240039       2.291620       1.497672      0.6108611       1.824882      0.1130813      0.8510724E-01   1.037964       1.880147       1.879382       3.422465       3.633504    
 2025   1.894038       2.297135       2.288935       1.208944       1.367183      0.4350997      0.7485035E-01  0.2041499       1.026671       2.939862       3.177188       1.587115    
 2026   4.291356       3.576104       2.471828       1.649891      0.3186561      -999.9000      -999.9000      -999.9000      -999.9000      -999.9000      -999.9000      -999.9000    
