# using year1  1950
# using year2  2026
# minimal_valid_fraction ::  30.00
# operating on 
# <a href=http://climexp.knmi.nl/select.cgi?field=era5_tp>climexp.knmi.nl/select.cgi?field=era5_tp</a>
# file :: /data/climexp_data_collection/ERA5/era5_tp.nc
# cdi :: Climate Data Interface version 2.5.3 (https://mpimet.mpg.de/cdi)
# institution :: KNMI Climate Explorer and European Centre for Medium-Range Weather Forecasts
# cdo :: Climate Data Operators version 2.5.3 (https://mpimet.mpg.de/cdo)
# geospatial_lat_max ::     90.1
# geospatial_lon_min ::     -0.1
# geospatial_lon_units :: degrees_east
# geospatial_lon_resolution ::      0.2
# time_coverage_start :: 1950-01-15
# time_coverage_end :: 2026-05-15
# climexp_url :: https://climexp.knmi.nl/select.cgi?era5_tp
# nco :: netCDF Operators version 5.3.3 (Homepage = http://nco.sf.net, Code = http://github.com/nco/nco, Citation = 10.1016/j.envsoft.2008.03.004)
# scripturl01 :: http://climexp.knmi.nl/get_index.cgi?delta_lat=0.25&delta_lon=0.25&email=someone@somewhere&field=era5_tp&gridpoints=false&intertype=nearest&lat1=37&lat2=38&lat_max=90.00&lat_min=-90.00&lon1=-1&lon2=0&lon_max=359.75&lon_min=0.00&masktype=all&year1=1950&year2=2026&year_max=2026&year_min=1950
# history ::  2026-07-19 13:11:47 bin/get_index /data/climexp_data_collection/ERA5/era5_tp.nc -1 0 37 38 dipole no year1 1950 year2 2026 minfac 30 nearest lsmask /data/climexp_data_collection/ERA5/era5_000000_lsm-025.nc all nomissing era5_tp_-1-0E_37-38N_1950-2026_n\nSat Jun  6 08:38:11 2026: ncatted -a cell_methods,tp,d,, era5_tp.nc\nSat Jun 06 08:36:47 2026: cdo -r -f nc4 -z zip -O mergetime /net/pc230042/nobackup/users/sager/nobackup_2_old/ERA5/1950/mon/era5_tp_195001-195012.nc /net/pc230042/nobackup/users/sager/nobackup_2_old/ERA5/1951/mon/era5_tp_195101-195112.nc /net/pc230042/nobackup/users/sager/nobackup_2_old/ERA5/1952/mon/era5_tp_195201-195212.nc /net/pc230042/nobackup/users/sager/nobackup_2_old/ERA5/1953/mon/era5_tp_195301-195312.nc /net/pc230042/nobackup/users/sager/nobackup_2_old/ERA5/1954/mon/era5_tp_195401-195412.nc /net/pc230042/nobackup/users/sager/nobackup_2_old/ERA5/1955/mon/era5_tp_195501-195512.nc /net/pc230042/nobackup/users/sager/nobackup_2_old/ERA5/1956/mon/era5_tp_195601-195612.nc /net/pc230042/nobackup/users/sager/nobackup_2_old/ERA5/1957/mon/era5_tp_195701-195712.nc /net/pc230042/nobackup/users/sager/nobackup_2_old/ERA5/1958/mon/era5_tp_195801-195812.nc /net/pc230042/nobackup/users/sager/nobackup_2_old/ERA5/1959/mon/era5_tp_195901-195912.nc /net/pc230042/nobackup/users/sager/nobackup_2_old/ERA5/1960/mon/era5_tp_196001-196012.nc /net/pc230042/nobackup/users/sager/nobackup_2_old/ERA5/1961/mon/era5_tp_196101-196112.nc /net/pc230042/nobackup/users/sager/nobackup_2_old/ERA5/1962/mon/era5_tp_196201-196212.nc /net/pc230042/nobackup/users/sager/nobackup_2_old/ERA5/1963/mon/era5_tp_196301-196312.nc /net/pc230042/nobackup/users/sager/nobackup_2_old/ERA5/1964/mon/era5_tp_196401-196412.nc /net/pc230042/nobackup/users/sager/nobackup_2_old/ERA5/1965/mon/era5_tp_196501-196512.nc /net/pc230042/nobackup/users/sager/nobackup_2_old/ERA5/1966/mon/era5_tp_196601-196612.nc /net/pc230042/nobackup/users/sager/nobackup_2_old/ERA5/1967/mon/era5_tp_196701-196712.nc /net/pc230042/nobackup/users/sager/nobackup_2_old/ERA5/1968/mon/era5_tp_196801-196812.nc /net/pc230042/nobackup/users/sager/nobackup_2_old/ERA5/1969/mon/era5_tp_196901-196912.nc /net/pc230042/nobackup/users/sager/nobackup_2_old/ERA5/1970/mon/era5_tp_197001-197012.nc /net/pc230042/nobackup/users/sager/nobackup_2_old/ERA5/1971/mon/era5_tp_197101-197112.nc /net/pc230042/nobackup/users/sager/nobackup_2_old/ERA5/1972/mon/era5_tp_197201-197212.nc /net/pc230042/nobackup/users/sager/nobackup_2_old/ERA5/1973/mon/era5_tp_197301-197312.nc /net/pc230042/nobackup/users/sager/nobackup_2_old/ERA5/1974/mon/era5_tp_197401-197412.nc /net/pc230042/nobackup/users/sager/nobackup_2_old/ERA5/1975/mon/era5_tp_197501-197512.nc /net/pc230042/nobackup/users/sager/nobackup_2_old/ERA5/1976/mon/era5_tp_197601-197612.nc /net/pc230042/nobackup/users/sager/nobackup_2_old/ERA5/1977/mon/era5_tp_197701-197712.nc /net/pc230042/nobackup/users/sager/nobackup_2_old/ERA5/1978/mon/era5_tp_197801-197812.nc /net/pc230042/nobackup/users/sager/nobackup_2_old/ERA5/1979/mon/era5_tp_197901-197912.nc /net/pc230042/nobackup/users/sager/nobackup_2_old/ERA5/1980/mon/era5_tp_198001-198012.nc /net/pc230042/nobackup/users/sager/nobackup_2_old/ERA5/1981/mon/era5_tp_198101-198112.nc /net/pc230042/nobackup/users/sager/nobackup_2_old/ERA5/1982/mon/era5_tp_198201-198212.nc /net/pc230042/nobackup/users/sager/nobackup_2_old/ERA5/1983/mon/era5_tp_198301-198312.nc /net/pc230042/nobackup/users/sager/nobackup_2_old/ERA5/1984/mon/era5_tp_198401-198412.nc /net/pc230042/nobackup/users/sager/nobackup_2_old/ERA5/1985/mon/era5_tp_198501-198512.nc /net/pc230042/nobackup/users/sager/nobackup_2_old/ERA5/1986/mon/era5_tp_198601-198612.nc /net/pc230042/nobackup/users/sager/nobackup_2_old/ERA5/1987/mon/era5_tp_198701-198712.nc /net/pc230042/nobackup/users/sager/nobackup_2_old/ERA5/1988/mon/era5_tp_198801-198812.nc /net/pc230042/nobackup/users/sager/nobackup_2_old/ERA5/1989/mon/era5_tp_198901-198912.nc /net/pc230042/nobackup/users/sager/nobackup_2_old/ERA5/1990/mon/era5_tp_199001-199012.nc /net/pc230042/nobackup/users/sager/nobackup_2_old/ERA5/1991/mon/era5_tp_199101-199112.nc /net/pc230042/nobackup/users/sager/nobackup_2_old/ERA5/1992/mon/era5_tp_199201-199212.nc /net/pc230042/nobackup/users/sager/nobackup_2_old/ERA5/1993/mon/era5_tp_199301-199312.nc /net/pc230042/nobackup/users/sager/nobackup_2_old/ERA5/1994/mon/era5_tp_199401-199412.nc /net/pc230042/nobackup/users/sager/nobackup_2_old/ERA5/1995/mon/era5_tp_199501-199512.nc /net/pc230042/nobackup/users/sager/nobackup_2_old/ERA5/1996/mon/era5_tp_199601-199612.nc /net/pc230042/nobackup/users/sager/nobackup_2_old/ERA5/1997/mon/era5_tp_199701-199712.nc /net/pc230042/nobackup/users/sager/nobackup_2_old/ERA5/1998/mon/era5_tp_199801-199812.nc /net/pc230042/nobackup/users/sager/nobackup_2_old/ERA5/1999/mon/era5_tp_199901-199912.nc /net/pc230042/nobackup/users/sager/nobackup_2_old/ERA5/2000/mon/era5_tp_200001-200012.nc /net/pc230042/nobackup/users/sager/nobackup_2_old/ERA5/2001/mon/era5_tp_200101-200112.nc /net/pc230042/nobackup/users/sager/nobackup_2_old/ERA5/2002/mon/era5_tp_200201-200212.nc /net/pc230042/nobackup/users/sager/nobackup_2_old/ERA5/2003/mon/era5_tp_200301-200312.nc /net/pc230042/nobackup/users/sager/nobackup_2_old/ERA5/2004/mon/era5_tp_200401-200412.nc /net/pc230042/nobackup/users/sager/nobackup_2_old/ERA5/2005/mon/era5_tp_200501-200512.nc /net/pc230042/nobackup/users/sager/nobackup_2_old/ERA5/2006/mon/era5_tp_200601-200612.nc /net/pc230042/nobackup/users/sager/nobackup_2_old/ERA5/2007/mon/era5_tp_200701-200712.nc /net/pc230042/nobackup/users/sager/nobackup_2_old/ERA5/2008/mon/era5_tp_200801-200812.nc /net/pc230042/nobackup/users/sager/nobackup_2_old/ERA5/2009/mon/era5_tp_200901-200912.nc /net/pc230042/nobackup/users/sager/nobackup_2_old/ERA5/2010/mon/era5_tp_201001-201012.nc /net/pc230042/nobackup/users/sager/nobackup_2_old/ERA5/2011/mon/era5_tp_201101-201112.nc /net/pc230042/nobackup/users/sager/nobackup_2_old/ERA5/2012/mon/era5_tp_201201-201212.nc /net/pc230042/nobackup/users/sager/nobackup_2_old/ERA5/2013/mon/era5_tp_201301-201312.nc /net/pc230042/nobackup/users/sager/nobackup_2_old/ERA5/2014/mon/era5_tp_201401-201412.nc /net/pc230042/nobackup/users/sager/nobackup_2_old/ERA5/2015/mon/era5_tp_201501-201512.nc /net/pc230042/nobackup/users/sager/nobackup_2_old/ERA5/2016/mon/era5_tp_201601-201612.nc /net/pc230042/nobackup/users/sager/nobackup_2_old/ERA5/2017/mon/era5_tp_201701-201712.nc /net/pc230042/nobackup/users/sager/nobackup_2_old/ERA5/2018/mon/era5_tp_201801-201812.nc /net/pc230042/nobackup/users/sager/nobackup_2_old/ERA5/2019/mon/era5_tp_201901-201912.nc /net/pc230042/nobackup/users/sager/nobackup_2_old/ERA5/2020/mon/era5_tp_202001-202012.nc /net/pc230042/nobackup/users/sager/nobackup_2_old/ERA5/2021/mon/era5_tp_202101-202112.nc /net/pc230042/nobackup/users/sager/nobackup_2_old/ERA5/2022/mon/era5_tp_202201-202212.nc /net/pc230042/nobackup/users/sager/nobackup_2_old/ERA5/2023/mon/era5_tp_202301-202312.nc /net/pc230042/nobackup/users/sager/nobackup_2_old/ERA5/2024/mon/era5_tp_202401-202412.nc /net/pc230042/nobackup/users/sager/nobackup_2_old/ERA5/2025/mon/era5_tp_202501-202512.nc /net/pc230042/nobackup/users/sager/nobackup_2_old/ERA5/2026/mon/era5_tp_202601-202612.nc era5_tp.nc\nFri Feb 26 12:33:50 2021: cdo -O -z zip copy era5_195001_tp.nc era5_195002_tp.nc era5_195003_tp.nc era5_195004_tp.nc era5_195005_tp.nc era5_195006_tp.nc era5_195007_tp.nc era5_195008_tp.nc era5_195009_tp.nc era5_195010_tp.nc era5_195011_tp.nc era5_195012_tp.nc /nobackup_2/users/sager/ERA5/1950/mon/era5_tp_195001-195012.nc\nFri Feb 26 12:29:45 2021: ncatted -O -a long_name,tp,m,c,Precipitation -a standard_name,tp,m,c,precipitation_flux -a units,tp,m,c,mm/dy -a title,global,m,c,"ERA5 reanalysis, https://www.ecmwf.int/en/forecasts/datasets/reanalysis-datasets/era5" /nobackup_1/users/sager/CX/TMP/monthly/1950/era5_195001_tp.nc /nobackup_1/users/sager/CX/TMP/monthly/1950/era5_195001_tp_atted.nc\nFri Feb 26 12:29:45 2021: cdo -O -v -s -r -b 32 -f nc4 -z zip setgridtype,regular -mulc,1000.0 -setname,tp -settaxis,1950-01-15,0:00,1mon /nobackup_1/users/sager/CX/TMP/monthly/1950/era5_195001_TP.grb /nobackup_1/users/sager/CX/TMP/monthly/1950/era5_195001_tp.nc
# ave_region :: lon=   -1.125    0.125, lat=   36.875   38.125
# averaging anomalies over region lon=   -1.125    0.125, lat=   36.875   38.125
# tp [mm/dy] Precipitation
 1950   2.352923      0.3172261      0.2853526      0.2478882      0.2051404      0.5124253E-01  0.6415821E-02  0.8756028E-01   1.991774       2.627435      0.8069475E-01  0.5886622    
 1951  0.9083078      0.6276904      0.7914556       2.179275      0.4902709      0.4596179E-01  0.4551782E-01  0.7038779E-01  0.3434510      0.9957561      0.8838484      0.6928414    
 1952   2.769293      0.6290905      0.1668367       1.436332      0.4028471      0.3218280E-01  0.4726398E-01  0.8829376      0.3756844      0.4462143       1.206330      0.9305368    
 1953  0.2797956      0.5145172       1.270150      0.3012668      0.1389321      0.1343347      0.2224874E-01  0.3806091E-01   1.361760       2.142890       1.838553      0.4770552    
 1954   1.417365      0.8454365       1.683611       3.118406      0.7157767E-01  0.9261849E-01  0.1622530E-01  0.1522250E-01  0.1403857      0.5528875      0.3895699       1.690942    
 1955   1.472971      0.6110618      0.9853994      0.2434422      0.1581467      0.1274512      0.1837125E-01  0.1393938      0.3055503      0.7473446       1.523091      0.7209851    
 1956   3.715871       1.411608      0.3110373      0.2259536      0.1111292      0.1298014E-01  0.3536366E-01  0.3556822E-01  0.1791424       1.419856       1.291012      0.3875942    
 1957   1.749633      0.7911593E-02  0.3140031       1.692740      0.4029449      0.9048866E-01  0.4268368E-02  0.3898456E-01  0.4828631       1.794662       3.012735       1.768765    
 1958   1.350877      0.1851224      0.2127498       1.461121      0.6395824E-01  0.6074874      0.3034614E-01  0.4502948E-01  0.1394276       3.510560       1.714611      0.7490702    
 1959  0.4707641       2.192812      0.4022706      0.1043960       1.786071      0.2219502      0.3121104E-01  0.4923800E-01  0.6626602       1.278585       1.344700      0.7289493    
 1960   1.086189      0.7797338      0.3702101      0.7256339      0.2671125      0.5495600      0.3529748E-01  0.3726344E-01  0.4764098E-01  0.4657562      0.4338525       1.755555    
 1961  0.9796318      0.1088835      0.1017374      0.1631999      0.1525920      0.1324649      0.8516863E-01  0.5603398E-01  0.1595482      0.5176349      0.7422127      0.4871533    
 1962  0.3293859       1.616090       1.751210      0.4486487      0.8605176      0.3147085      0.2614252E-01  0.1223935E-01  0.1253591       1.079550       2.131641      0.9101221    
 1963  0.9145612      0.8407642      0.1360077      0.5535910      0.4530926      0.1974755      0.1510723E-01  0.9089811E-01   1.596318      0.2554917      0.4727507       3.817089    
 1964   1.784045      0.5653675      0.5624613       1.357151      0.1668483E-02  0.2261523      0.2235840E-01  0.1779979      0.2588738      0.9575530      0.5715674       3.343964    
 1965   1.629439       1.064784      0.4413168      0.5077348      0.1582411      0.2687014      0.1173523      0.1515141      0.3266147       2.179468      0.4530337       1.220906    
 1966  0.2632414      0.2542662      0.3452829      0.1703896      0.1663254      0.1274226      0.6064320E-01  0.2710040E-01  0.5407913       4.203819      0.6219943      0.9808524E-01
 1967  0.3322923       2.719449      0.4187877       2.834689      0.6279544       1.359684      0.8084357E-02  0.2620165       1.709782      0.5378647       3.039322       1.951585    
 1968   1.042473      0.8366041       1.532302      0.8148059       2.217659      0.3733318      0.6448715E-01  0.1869066      0.2048707      0.1106998      0.7618570       1.235092    
 1969  0.6671301       1.037115      0.8807544       1.429064      0.5271044      0.3732537      0.4046908E-01  0.1977372       1.086023       3.953919       2.628094       1.012149    
 1970   1.315279      0.3063043E-01   1.095577      0.9045100      0.1948283      0.5421199E-01  0.3299886E-01  0.1085536      0.1018214       1.507036      0.3864992       3.207669    
 1971   1.413693      0.3121823       1.829813       1.186179       1.880337      0.5281836      0.1123603      0.1406585       1.122320       4.321494       3.081175       3.027577    
 1972   1.255792      0.4524644       1.499327       1.246044      0.7196612       2.927318      0.6304095      0.5226401       2.937428       2.607702       3.040442       1.077935    
 1973   1.441779      0.6731459       1.439571      0.2124823      0.3454955      0.7013872      0.4841398E-01  0.6561796E-01   1.197981       2.494210       1.738025       4.877047    
 1974  0.3711261       2.543055       1.904332       1.785758      0.1550914      0.4022843      0.7135634E-01  0.1729978      0.4215392       4.711315      0.1678609      0.1467186    
 1975  0.3902434      0.9414867       1.941002       1.779172      0.7049596      0.1860271      0.1392881E-01  0.4531622      0.4180745      0.7391948      0.7252253       1.371441    
 1976  0.4414833       1.102427      0.1600972       1.645089       2.386821      0.1859802      0.1220956      0.2954598      0.4109798       1.287089      0.7484532       1.263200    
 1977   2.415226      0.2708631      0.2747394      0.6356804       1.150244      0.1357465      0.3413918       1.000411      0.3255118       1.083892       1.088389      0.6571387    
 1978  0.7552261      0.4567093      0.6656387      0.7255077      0.5325646      0.6179092      0.1502611E-01  0.5088675E-01  0.4299987E-01   1.299801       1.514027       1.581192    
 1979   1.213441      0.8385053      0.4362349      0.4014563      0.3703830      0.1229224       1.338590      0.6059076E-01  0.6299235       1.378928      0.7298107       1.959837    
 1980   2.659615       1.887438       1.216396       1.197455       1.016409      0.7729626E-01  0.9659448E-01  0.4876633E-01  0.1310326      0.7625086E-01   1.005096       2.543974    
 1981  0.5750419       1.133960      0.1043662       1.809915      0.4377156      0.6987774      0.2091702E-01  0.1396080      0.1501762      0.1818454      0.1180981      0.5525788    
 1982  0.9240434      0.9223974      0.8949293      0.6346966       1.318953      0.8543630E-01  0.1298327E-01  0.1183224      0.4937238       2.160190       1.582655      0.3950858    
 1983  0.4927308E-01   1.470618      0.1773022      0.2332461      0.1268845      0.8205625E-01  0.1348719      0.3821195      0.8432808E-01  0.2614217      0.9512527       1.004914    
 1984  0.4062785       1.041530      0.6607130      0.4018148       2.146305      0.8887379E-01  0.2140828E-02  0.1153343      0.2499673      0.6496161       2.990644      0.3432578    
 1985  0.6484005       1.103529       1.081600       1.019590       1.303215      0.4369064E-01  0.3344372E-01  0.6664456E-01  0.7644127       1.586759       3.460001      0.8406333    
 1986  0.3233561      0.5009211       1.070378      0.7148736      0.1860923      0.9462309E-01  0.1103851      0.1823659       2.309106       3.083566       1.883918      0.4458252    
 1987  0.9224293       1.432605      0.2891279      0.1125448      0.3442489      0.5228232E-01  0.2396468      0.4718307      0.3325433       1.368172       1.444148      0.9429977    
 1988  0.8022457      0.3786319      0.2956082      0.6517368       1.090193      0.5236921      0.1115578E-01  0.8076003E-01  0.5144361       1.386505       1.823627      0.2629723    
 1989   1.582182       1.294589       2.453027       1.577834      0.3204089      0.6897962E-01  0.1211936      0.2332958       4.809197      0.6138270       1.522729       1.504909    
 1990   3.969103      0.2970869E-01   1.065504       1.759906       1.291563      0.7759853E-01  0.9281846E-01  0.6972509E-01  0.2128362       2.068266      0.7265866       1.470345    
 1991   2.202187       1.802348       1.564783      0.2029869      0.2917995      0.4933247E-01  0.1084803E-01  0.7122866E-01  0.5107470       1.595073      0.3362587      0.5447487    
 1992   1.738445       1.495850       1.391617      0.3451929       1.728512       1.296337      0.9138974E-02  0.5491909E-02  0.1087156       1.478859      0.8439556       1.012922    
 1993  0.5473980E-01   3.210694      0.6545322      0.3934024       1.057069      0.2170568      0.6379306E-01  0.2520973      0.4772761       2.804858       1.698178      0.2909405    
 1994   1.536755      0.7217101      0.3489195       1.317777      0.1123989      0.3623429E-01  0.2322519E-01  0.2514023E-01   1.381421       1.111807      0.5831782      0.4051490    
 1995  0.2184300       1.216546       1.654882      0.1333705      0.3689811E-01  0.2321302      0.1910565E-01  0.5820519      0.4434002      0.5078957      0.1942237       1.294535    
 1996   1.017828      0.9542049      0.6969730      0.3300337      0.3874028      0.4505441E-01  0.2183675E-01  0.3403862       4.379305       1.088214      0.8628348       1.145893    
 1997   1.115759      0.1269517      0.4155687       2.225793      0.1928113      0.1750235      0.3006772E-01  0.1602563       1.596010      0.3349615       1.642777       2.212456    
 1998  0.9448794      0.6146277      0.3230023      0.2071804       1.235708      0.4369142E-01  0.1342415E-01  0.1727673      0.3452195      0.7601698E-01  0.8896185      0.8201374    
 1999  0.7188084       1.926208      0.8245229      0.1622477      0.4303037E-01  0.4599771E-01  0.4408492E-01  0.4132140E-01  0.5156571       1.518175       1.550588      0.9475842    
 2000   1.305303      0.1965319E-01  0.2484602      0.2697303      0.7141972      0.5734130E-01  0.1872792E-01  0.3035576E-01  0.2035382       1.917892       1.065554      0.3397728    
 2001  0.9067039       1.640539      0.1042782      0.6325180      0.7065997      0.1900493      0.5347051E-01  0.3274349E-01  0.7013190      0.5832778       3.594447       1.463883    
 2002  0.2465715      0.1306737      0.8259308       2.395525       2.037448      0.2718418      0.3197148      0.4564634      0.1100398      0.2339162       1.174811      0.4293204    
 2003   2.838391       1.768512      0.3783046      0.7915280      0.6312554      0.2156344E-01  0.1810266E-01  0.5959297E-01  0.4614030       3.775666       5.291375       1.510885    
 2004  0.2355672      0.5731013       1.882997       2.911375       1.871978      0.1259908      0.3170647E-01  0.7902158E-01  0.2108460      0.2214051       1.145529       2.703207    
 2005  0.5611489       1.673364       1.237359      0.2933101      0.6908692E-01  0.1004797E-01  0.2930260E-01  0.2147767       1.244120      0.2994572       1.541062      0.3910906    
 2006   2.681523      0.9562985      0.2917361      0.5709520      0.9337519      0.4709225E-01  0.8310176E-02  0.4588306E-01  0.3937764      0.1679231       2.689651       1.763131    
 2007   1.946697      0.5917698      0.8061349       1.646691      0.2911911      0.4920211E-01  0.1311745E-01  0.4708715      0.6592475       6.507383       1.610628       1.067108    
 2008  0.3945918      0.5686592      0.1692280      0.7532590E-01   1.324933      0.7374963E-01  0.3945637      0.6349497E-01   2.481165       2.775622       2.902359      0.7424486    
 2009   1.954236      0.2771754       1.429445      0.6461104      0.1386756      0.8689860E-02  0.4605847E-01  0.9620517E-01   3.630721      0.6187686      0.2822919       2.337086    
 2010   2.069763       1.661308       1.336844      0.7032645      0.4326546      0.2410852      0.2156795E-01  0.5654016      0.1973847      0.7738351       1.588585      0.5656476    
 2011   1.171046      0.5348619       1.380038       1.105202      0.9940581      0.1289489      0.4906687E-01  0.2892079E-01  0.2435234       1.562485       3.116038      0.8147896    
 2012  0.8617138      0.5333626      0.8627774      0.2416781      0.6227028E-01  0.1998901E-01  0.1381436E-01  0.7505802       1.253129       1.228840       3.017197      0.6124982    
 2013  0.3851744      0.3602130       1.063021       1.305002      0.6214760      0.1262488E-01  0.2167519E-01  0.2932238      0.4044735      0.6916118      0.8798085       1.718654    
 2014  0.8505974      0.3074220      0.2397735      0.1963902      0.3300836      0.1932989      0.2139413E-01  0.1200026       1.936994      0.8159251       1.870376      0.8677562    
 2015  0.6707182       1.337673      0.9867343      0.5467809      0.1443799      0.3051163E-01  0.5027328E-01  0.2322746       1.541206       1.982870      0.9374149      0.6513888E-01
 2016  0.4733822      0.4430166      0.7950505      0.6231739      0.3255382      0.2060562E-01  0.2958287E-01  0.5664321E-01  0.3905998      0.8465296       1.690252       4.310453    
 2017   2.804167      0.2744777       1.627026      0.2239149      0.4318809E-01  0.1128210      0.5795911E-01  0.6590607      0.5616341      0.5988654       1.209298      0.4106229    
 2018   1.386178       1.588579       1.086403       1.091187      0.2154302      0.5239477      0.1763967E-01  0.1665186       1.743127       3.297460       2.024651      0.3764982    
 2019  0.2963270      0.6919792E-01  0.6906466       2.667845      0.1185987      0.4119310E-01  0.3105775E-01  0.3879083       3.535220       2.184250       1.110201       2.041625    
 2020   2.430925      0.2794014E-01   1.747873       1.725829      0.7493238      0.3738833      0.1799203E-01  0.1229835      0.5312796E-01  0.1575804      0.7524424      0.3875533    
 2021   2.042356      0.1552695       1.736179       1.400037       1.877072      0.3449177      0.3855000E-01  0.7795271E-01   1.000664      0.6781939       2.362748      0.1878372    
 2022  0.3064435      0.2272993       3.595658       2.590252       1.413373      0.6123458E-01  0.2642752E-01  0.4281451E-01  0.5585865      0.7784909      0.6849280       1.201733    
 2023   1.170230      0.6302727      0.6967409E-01  0.1723777E-01   2.162245      0.2490391      0.3949742E-01  0.2035522       2.107177      0.3103589      0.5294537E-01  0.2576594    
 2024  0.3902934      0.3680396      0.5019589      0.6063551      0.1653040      0.1761920      0.3051680E-01  0.1454259      0.4682992       1.083571      0.8807983      0.6136425    
 2025   1.015388      0.6590632       2.511486      0.1696249       1.118421      0.2501353E-01  0.1795444      0.3523109E-01  0.7390703       1.538797      0.4235162       2.651233    
 2026   2.759896      0.5946776       1.561564      0.9591742      0.7414112      -999.9000      -999.9000      -999.9000      -999.9000      -999.9000      -999.9000      -999.9000    
