# using year1  1950
# using year2  2026
# minimal_valid_fraction ::  30.00
# operating on 
# <a href=http://climexp.knmi.nl/select.cgi?field=era5_tp>climexp.knmi.nl/select.cgi?field=era5_tp</a>
# file :: /data/climexp_data_collection/ERA5/era5_tp.nc
# cdi :: Climate Data Interface version 2.5.3 (https://mpimet.mpg.de/cdi)
# institution :: KNMI Climate Explorer and European Centre for Medium-Range Weather Forecasts
# cdo :: Climate Data Operators version 2.5.3 (https://mpimet.mpg.de/cdo)
# geospatial_lat_max ::     90.1
# geospatial_lon_min ::     -0.1
# geospatial_lon_units :: degrees_east
# geospatial_lon_resolution ::      0.2
# time_coverage_start :: 1950-01-15
# time_coverage_end :: 2026-05-15
# climexp_url :: https://climexp.knmi.nl/select.cgi?era5_tp
# nco :: netCDF Operators version 5.3.3 (Homepage = http://nco.sf.net, Code = http://github.com/nco/nco, Citation = 10.1016/j.envsoft.2008.03.004)
# scripturl01 :: http://climexp.knmi.nl/get_index.cgi?delta_lat=0.25&delta_lon=0.25&email=someone@somewhere&field=era5_tp&gridpoints=false&intertype=nearest&lat1=36&lat2=37&lat_max=90.00&lat_min=-90.00&lon1=10&lon2=11&lon_max=359.75&lon_min=0.00&masktype=all&year1=1950&year2=2026&year_max=2026&year_min=1950
# history ::  2026-07-19 13:21:11 bin/get_index /data/climexp_data_collection/ERA5/era5_tp.nc 10 11 36 37 dipole no year1 1950 year2 2026 minfac 30 nearest lsmask /data/climexp_data_collection/ERA5/era5_000000_lsm-025.nc all nomissing era5_tp_10-11E_36-37N_1950-2026_n\nSat Jun  6 08:38:11 2026: ncatted -a cell_methods,tp,d,, era5_tp.nc\nSat Jun 06 08:36:47 2026: cdo -r -f nc4 -z zip -O mergetime /net/pc230042/nobackup/users/sager/nobackup_2_old/ERA5/1950/mon/era5_tp_195001-195012.nc /net/pc230042/nobackup/users/sager/nobackup_2_old/ERA5/1951/mon/era5_tp_195101-195112.nc /net/pc230042/nobackup/users/sager/nobackup_2_old/ERA5/1952/mon/era5_tp_195201-195212.nc /net/pc230042/nobackup/users/sager/nobackup_2_old/ERA5/1953/mon/era5_tp_195301-195312.nc /net/pc230042/nobackup/users/sager/nobackup_2_old/ERA5/1954/mon/era5_tp_195401-195412.nc /net/pc230042/nobackup/users/sager/nobackup_2_old/ERA5/1955/mon/era5_tp_195501-195512.nc /net/pc230042/nobackup/users/sager/nobackup_2_old/ERA5/1956/mon/era5_tp_195601-195612.nc /net/pc230042/nobackup/users/sager/nobackup_2_old/ERA5/1957/mon/era5_tp_195701-195712.nc /net/pc230042/nobackup/users/sager/nobackup_2_old/ERA5/1958/mon/era5_tp_195801-195812.nc /net/pc230042/nobackup/users/sager/nobackup_2_old/ERA5/1959/mon/era5_tp_195901-195912.nc /net/pc230042/nobackup/users/sager/nobackup_2_old/ERA5/1960/mon/era5_tp_196001-196012.nc /net/pc230042/nobackup/users/sager/nobackup_2_old/ERA5/1961/mon/era5_tp_196101-196112.nc /net/pc230042/nobackup/users/sager/nobackup_2_old/ERA5/1962/mon/era5_tp_196201-196212.nc /net/pc230042/nobackup/users/sager/nobackup_2_old/ERA5/1963/mon/era5_tp_196301-196312.nc /net/pc230042/nobackup/users/sager/nobackup_2_old/ERA5/1964/mon/era5_tp_196401-196412.nc /net/pc230042/nobackup/users/sager/nobackup_2_old/ERA5/1965/mon/era5_tp_196501-196512.nc /net/pc230042/nobackup/users/sager/nobackup_2_old/ERA5/1966/mon/era5_tp_196601-196612.nc /net/pc230042/nobackup/users/sager/nobackup_2_old/ERA5/1967/mon/era5_tp_196701-196712.nc /net/pc230042/nobackup/users/sager/nobackup_2_old/ERA5/1968/mon/era5_tp_196801-196812.nc /net/pc230042/nobackup/users/sager/nobackup_2_old/ERA5/1969/mon/era5_tp_196901-196912.nc /net/pc230042/nobackup/users/sager/nobackup_2_old/ERA5/1970/mon/era5_tp_197001-197012.nc /net/pc230042/nobackup/users/sager/nobackup_2_old/ERA5/1971/mon/era5_tp_197101-197112.nc /net/pc230042/nobackup/users/sager/nobackup_2_old/ERA5/1972/mon/era5_tp_197201-197212.nc /net/pc230042/nobackup/users/sager/nobackup_2_old/ERA5/1973/mon/era5_tp_197301-197312.nc /net/pc230042/nobackup/users/sager/nobackup_2_old/ERA5/1974/mon/era5_tp_197401-197412.nc /net/pc230042/nobackup/users/sager/nobackup_2_old/ERA5/1975/mon/era5_tp_197501-197512.nc /net/pc230042/nobackup/users/sager/nobackup_2_old/ERA5/1976/mon/era5_tp_197601-197612.nc /net/pc230042/nobackup/users/sager/nobackup_2_old/ERA5/1977/mon/era5_tp_197701-197712.nc /net/pc230042/nobackup/users/sager/nobackup_2_old/ERA5/1978/mon/era5_tp_197801-197812.nc /net/pc230042/nobackup/users/sager/nobackup_2_old/ERA5/1979/mon/era5_tp_197901-197912.nc /net/pc230042/nobackup/users/sager/nobackup_2_old/ERA5/1980/mon/era5_tp_198001-198012.nc /net/pc230042/nobackup/users/sager/nobackup_2_old/ERA5/1981/mon/era5_tp_198101-198112.nc /net/pc230042/nobackup/users/sager/nobackup_2_old/ERA5/1982/mon/era5_tp_198201-198212.nc /net/pc230042/nobackup/users/sager/nobackup_2_old/ERA5/1983/mon/era5_tp_198301-198312.nc /net/pc230042/nobackup/users/sager/nobackup_2_old/ERA5/1984/mon/era5_tp_198401-198412.nc /net/pc230042/nobackup/users/sager/nobackup_2_old/ERA5/1985/mon/era5_tp_198501-198512.nc /net/pc230042/nobackup/users/sager/nobackup_2_old/ERA5/1986/mon/era5_tp_198601-198612.nc /net/pc230042/nobackup/users/sager/nobackup_2_old/ERA5/1987/mon/era5_tp_198701-198712.nc /net/pc230042/nobackup/users/sager/nobackup_2_old/ERA5/1988/mon/era5_tp_198801-198812.nc /net/pc230042/nobackup/users/sager/nobackup_2_old/ERA5/1989/mon/era5_tp_198901-198912.nc /net/pc230042/nobackup/users/sager/nobackup_2_old/ERA5/1990/mon/era5_tp_199001-199012.nc /net/pc230042/nobackup/users/sager/nobackup_2_old/ERA5/1991/mon/era5_tp_199101-199112.nc /net/pc230042/nobackup/users/sager/nobackup_2_old/ERA5/1992/mon/era5_tp_199201-199212.nc /net/pc230042/nobackup/users/sager/nobackup_2_old/ERA5/1993/mon/era5_tp_199301-199312.nc /net/pc230042/nobackup/users/sager/nobackup_2_old/ERA5/1994/mon/era5_tp_199401-199412.nc /net/pc230042/nobackup/users/sager/nobackup_2_old/ERA5/1995/mon/era5_tp_199501-199512.nc /net/pc230042/nobackup/users/sager/nobackup_2_old/ERA5/1996/mon/era5_tp_199601-199612.nc /net/pc230042/nobackup/users/sager/nobackup_2_old/ERA5/1997/mon/era5_tp_199701-199712.nc /net/pc230042/nobackup/users/sager/nobackup_2_old/ERA5/1998/mon/era5_tp_199801-199812.nc /net/pc230042/nobackup/users/sager/nobackup_2_old/ERA5/1999/mon/era5_tp_199901-199912.nc /net/pc230042/nobackup/users/sager/nobackup_2_old/ERA5/2000/mon/era5_tp_200001-200012.nc /net/pc230042/nobackup/users/sager/nobackup_2_old/ERA5/2001/mon/era5_tp_200101-200112.nc /net/pc230042/nobackup/users/sager/nobackup_2_old/ERA5/2002/mon/era5_tp_200201-200212.nc /net/pc230042/nobackup/users/sager/nobackup_2_old/ERA5/2003/mon/era5_tp_200301-200312.nc /net/pc230042/nobackup/users/sager/nobackup_2_old/ERA5/2004/mon/era5_tp_200401-200412.nc /net/pc230042/nobackup/users/sager/nobackup_2_old/ERA5/2005/mon/era5_tp_200501-200512.nc /net/pc230042/nobackup/users/sager/nobackup_2_old/ERA5/2006/mon/era5_tp_200601-200612.nc /net/pc230042/nobackup/users/sager/nobackup_2_old/ERA5/2007/mon/era5_tp_200701-200712.nc /net/pc230042/nobackup/users/sager/nobackup_2_old/ERA5/2008/mon/era5_tp_200801-200812.nc /net/pc230042/nobackup/users/sager/nobackup_2_old/ERA5/2009/mon/era5_tp_200901-200912.nc /net/pc230042/nobackup/users/sager/nobackup_2_old/ERA5/2010/mon/era5_tp_201001-201012.nc /net/pc230042/nobackup/users/sager/nobackup_2_old/ERA5/2011/mon/era5_tp_201101-201112.nc /net/pc230042/nobackup/users/sager/nobackup_2_old/ERA5/2012/mon/era5_tp_201201-201212.nc /net/pc230042/nobackup/users/sager/nobackup_2_old/ERA5/2013/mon/era5_tp_201301-201312.nc /net/pc230042/nobackup/users/sager/nobackup_2_old/ERA5/2014/mon/era5_tp_201401-201412.nc /net/pc230042/nobackup/users/sager/nobackup_2_old/ERA5/2015/mon/era5_tp_201501-201512.nc /net/pc230042/nobackup/users/sager/nobackup_2_old/ERA5/2016/mon/era5_tp_201601-201612.nc /net/pc230042/nobackup/users/sager/nobackup_2_old/ERA5/2017/mon/era5_tp_201701-201712.nc /net/pc230042/nobackup/users/sager/nobackup_2_old/ERA5/2018/mon/era5_tp_201801-201812.nc /net/pc230042/nobackup/users/sager/nobackup_2_old/ERA5/2019/mon/era5_tp_201901-201912.nc /net/pc230042/nobackup/users/sager/nobackup_2_old/ERA5/2020/mon/era5_tp_202001-202012.nc /net/pc230042/nobackup/users/sager/nobackup_2_old/ERA5/2021/mon/era5_tp_202101-202112.nc /net/pc230042/nobackup/users/sager/nobackup_2_old/ERA5/2022/mon/era5_tp_202201-202212.nc /net/pc230042/nobackup/users/sager/nobackup_2_old/ERA5/2023/mon/era5_tp_202301-202312.nc /net/pc230042/nobackup/users/sager/nobackup_2_old/ERA5/2024/mon/era5_tp_202401-202412.nc /net/pc230042/nobackup/users/sager/nobackup_2_old/ERA5/2025/mon/era5_tp_202501-202512.nc /net/pc230042/nobackup/users/sager/nobackup_2_old/ERA5/2026/mon/era5_tp_202601-202612.nc era5_tp.nc\nFri Feb 26 12:33:50 2021: cdo -O -z zip copy era5_195001_tp.nc era5_195002_tp.nc era5_195003_tp.nc era5_195004_tp.nc era5_195005_tp.nc era5_195006_tp.nc era5_195007_tp.nc era5_195008_tp.nc era5_195009_tp.nc era5_195010_tp.nc era5_195011_tp.nc era5_195012_tp.nc /nobackup_2/users/sager/ERA5/1950/mon/era5_tp_195001-195012.nc\nFri Feb 26 12:29:45 2021: ncatted -O -a long_name,tp,m,c,Precipitation -a standard_name,tp,m,c,precipitation_flux -a units,tp,m,c,mm/dy -a title,global,m,c,"ERA5 reanalysis, https://www.ecmwf.int/en/forecasts/datasets/reanalysis-datasets/era5" /nobackup_1/users/sager/CX/TMP/monthly/1950/era5_195001_tp.nc /nobackup_1/users/sager/CX/TMP/monthly/1950/era5_195001_tp_atted.nc\nFri Feb 26 12:29:45 2021: cdo -O -v -s -r -b 32 -f nc4 -z zip setgridtype,regular -mulc,1000.0 -setname,tp -settaxis,1950-01-15,0:00,1mon /nobackup_1/users/sager/CX/TMP/monthly/1950/era5_195001_TP.grb /nobackup_1/users/sager/CX/TMP/monthly/1950/era5_195001_tp.nc
# ave_region :: lon=    9.875   11.125, lat=   35.875   37.125
# averaging anomalies over region lon=    9.875   11.125, lat=   35.875   37.125
# tp [mm/dy] Precipitation
 1950   2.547982       1.980994       2.549548       1.703921      0.2057174      0.2848955E-01  0.3053760E-02  0.2551273      0.5236298       1.527772       1.248238      0.8964217    
 1951  0.9437896      0.4417240      0.5234830      0.1633830      0.1951343      0.2407467E-01  0.1100508E-01  0.8733901E-01   1.451805       2.862782      0.8897274      0.9581681    
 1952   1.252952       1.355329       1.161407       1.191273      0.2742402      0.3767860E-01  0.4073271E-01  0.1496402E-01  0.5733059      0.2730814       1.453769       1.676249    
 1953   2.089067       1.126007       3.034692      0.4934754       1.203356      0.2607341      0.9160143E-03  0.6912290      0.1689461       4.044088       3.474648      0.6921457    
 1954   1.398115       1.464335       1.018818       2.610299      0.4113256      0.4727244E-01  0.1063917E-02  0.1671752      0.1002971      0.7988816       1.765476       1.418706    
 1955   1.223185       1.348193       1.115501       3.084574      0.8108690E-01  0.1450499E-01  0.1912499E-02   1.207751       3.393569       2.062320       1.087152       1.257357    
 1956   2.469976       2.514655       1.136493      0.2865112      0.4370628      0.5266069E-01  0.4282312E-02  0.1992403E-01   3.119479       1.153023       1.730078       1.640835    
 1957   2.237185      0.2168886E-01  0.2734790       1.940398       1.290007      0.1726893      0.1310238E-01  0.4353219      0.6820248       3.104115       3.176266       2.353385    
 1958   1.323490      0.6002149       1.804270       1.083310      0.2095129      0.1299786      0.3770570E-01  0.4125303E-02  0.6459688       4.710934       4.621504       1.088873    
 1959   1.152898       2.649239       1.247112       2.925606      0.4187591      0.5292732      0.1390316E-01  0.5071446      0.7597296       1.295646       1.173015       1.018280    
 1960   1.787705      0.7519753       1.364568       1.277400      0.8085043      0.1737904      0.4062808E-01  0.2292242E-01  0.5325463      0.3298464      0.5588239       2.224030    
 1961   1.676456      0.4479899       1.445864      0.1226232      0.2677267      0.7860867      0.3311879E-01  0.5193499E-01  0.2631534       1.992777       2.069035       1.228956    
 1962   1.160170       2.465041      0.8286244       1.259569      0.2229419      0.3324763      0.6278056E-01  0.2047091E-01  0.2194942       2.864859       1.187140       1.364920    
 1963   1.262388       2.166094       1.651076      0.8089921      0.6654302      0.4788063      0.3847185      0.2087255       1.380501       2.415067      0.1862027       3.944237    
 1964   4.067204       2.928184      0.5599220       1.122508      0.5905711E-01  0.1085934      0.5577079E-02  0.9592284      0.6900134E-01   3.282735      0.8641043       1.126785    
 1965   2.760731       1.829858       1.693718      0.6508382      0.2271626      0.3700307E-01  0.2776438E-01  0.3018817      0.9391630       1.757342       1.720587       1.809047    
 1966  0.9245033      0.2836591       2.237291       1.640459       1.623027      0.1980385      0.3373739E-01  0.2861921E-01   1.454464       1.784817       1.689157       1.447081    
 1967  0.6273590       1.799316       1.049460      0.8554062      0.6179428      0.2284938      0.2902644E-01  0.1909426       1.388373      0.5278659       2.043469       1.223962    
 1968   2.087498       2.026009      0.7547067       1.132322      0.2842023       2.170771      0.1820296E-01  0.1121108      0.3813199      0.5260446       1.222039       1.644182    
 1969   1.616323       1.606412       2.404095       1.538004      0.7721943      0.2677650      0.5901939      0.2710266       4.176839       8.512087      0.3614464       1.785351    
 1970   1.061483      0.5293304      0.9375933      0.9663216       1.008750      0.3419442E-01  0.7903036E-01  0.7007742E-01   1.102448       1.395369      0.1811617       2.981588    
 1971   1.830080       3.748389       2.037211       1.042354      0.8838321      0.4105889      0.3214404      0.4815064E-01   3.059351       3.344978       1.168363       1.399927    
 1972   1.758150       1.165808       1.510934       4.731306      0.9056087      0.5202625      0.8727879E-01  0.5718012       2.020139       2.343461      0.7503483       2.804105    
 1973   3.201368       3.231019       4.776244      0.9120720      0.1102042      0.8350050E-01  0.3466623      0.2592702      0.2834581       2.478634      0.8991427       5.433347    
 1974  0.7351654       2.771078       1.178834       1.841292      0.5258869      0.1790116      0.1044077      0.3787075E-01   1.931131       2.247074       1.685644      0.9933063    
 1975  0.4835609       4.434978       2.113515      0.8252300      0.8116724      0.1333526      0.3519383E-02  0.8641127      0.7001288      0.5129544       3.890735      0.8847488    
 1976   1.947704       1.869586       1.787443       1.274177       2.429866      0.6630368      0.1566204      0.4633420       1.522791       2.856869       3.016632       1.199870    
 1977   2.190289      0.4609547       1.101787       1.842009      0.4763380      0.1512573      0.9740490E-02  0.2427228       1.381564      0.3099209       1.922334      0.5398888    
 1978   1.203011       2.381948       1.287927       1.147651      0.5403709      0.9813269E-01  0.1091076E-01  0.1139943      0.2121911       2.251750       2.443321      0.4846562    
 1979  0.8748527       3.975065       1.120296       1.694131      0.2770706      0.7145664E-01  0.7322235E-01  0.2616258       3.280718       1.077889       1.976960      0.3743524    
 1980   1.054015       1.671550       2.224925       2.048830      0.9351645      0.1485435      0.8778931E-02  0.3014396      0.4407848       1.823016      0.6069103       3.393890    
 1981   2.342481       1.753865       1.069670      0.7624419      0.6377883      0.2781892      0.3449721E-01  0.8044941E-01  0.3104092      0.8603146      0.6348734       1.211785    
 1982   3.045945       1.851112       1.801260       1.735953      0.8418424      0.4757499E-01  0.4553691E-01  0.1645127      0.6123223       4.256763       4.563184       1.558558    
 1983   1.149154      0.3189122       1.701178      0.4206541      0.8149190      0.1513396      0.1348086E-01  0.1086719      0.8983882       2.132038       2.753994       1.828178    
 1984  0.9233286       1.713646       1.185905       1.106679      0.3265067      0.7174381E-01  0.9739053E-02  0.7964543E-01  0.3487116       3.171990      0.8624636       4.034463    
 1985   1.617600       2.205702       1.876601       1.425802       1.170718      0.3973102E-01  0.7199470E-02  0.1906623E-01   1.316693      0.7554845      0.8426189      0.4468985    
 1986   1.002160      0.8688951       3.513723      0.9387413      0.1620290      0.2925572      0.2040327      0.1340017E-01   1.400241       2.275975       2.175672       2.086355    
 1987   1.144798       2.389288       1.786801      0.8560758       1.096260      0.3094733E-01  0.6438848E-01  0.1260988E-01  0.1413420       1.557008       1.255237      0.7690362    
 1988  0.8215997      0.6420211      0.9353002       1.050936      0.2965215      0.7925090      0.1225503      0.1479560E-01   1.269596      0.3378760       1.939023       2.054895    
 1989   1.302941       1.215965      0.8113815       1.076616      0.3325077      0.1144924      0.1248022      0.1121124      0.5972210       2.750564      0.7735779       2.173823    
 1990   4.765254      0.2106367       1.113471       1.076012       1.126136      0.5102029E-01  0.1664698      0.1579732      0.6592149E-01  0.8616269       2.331259       3.422595    
 1991   2.126706       2.474967       2.048421       1.413597      0.2752501      0.4976180      0.1070086E-02  0.1578667E-01   1.227706       1.557397       2.088208       1.913089    
 1992   1.442545       2.660314      0.6685693       2.099254       1.480921      0.1390429      0.6249056      0.2605749E-01  0.2185750      0.7058247       1.666716       2.355604    
 1993  0.7139603       1.953357       2.313834      0.2378091       1.508241      0.4956164E-02  0.1142921E-02  0.2843924E-01  0.9367853       2.084702      0.8575964       1.011197    
 1994   1.345397       2.052686      0.2355768      0.7370282      0.1857512      0.4643646      0.2028462E-01  0.2542965E-01  0.4354959       2.249424      0.5313205      0.5676120    
 1995   2.088953      0.1051843       1.003804      0.6653307      0.1300688      0.1958027      0.9015022E-02  0.1847576       3.510965       1.865829       2.427652       2.140431    
 1996   1.738386       3.914725       2.162744       1.372647       1.155020       1.080555      0.2825634E-01  0.3583813       1.206917       1.718205      0.3136822      0.9524027    
 1997   1.601449      0.7670787      0.3624801       1.224251      0.4273725      0.2719344      0.1520445E-01  0.3795098       4.838417       2.495577       1.968561       1.535042    
 1998   1.126584      0.7773499      0.9942746       1.440803      0.5525506      0.1337079      0.7504361E-02  0.5812753       1.071386       2.306807       1.264592       1.079420    
 1999   4.302330       1.087260      0.7237583      0.3558320      0.7154269E-01  0.1135347      0.7343400E-01  0.7705386E-01  0.2139021      0.6067204       4.438953       1.533918    
 2000  0.7005981      0.6805993      0.6172379       1.269652      0.9940525      0.2807416      0.4124286E-02  0.3562528E-01   1.100945       2.078913      0.8873435       1.520205    
 2001   1.089622       1.469383      0.4720190      0.5904642      0.8800920      0.2624868E-01  0.8392348E-02  0.5344789E-01  0.5382378      0.2985274       1.025099       1.583764    
 2002  0.5527359      0.4098482      0.8139711       1.218176       1.083132      0.3139549      0.1862752      0.3153151      0.6502213      0.4700915       2.918145       1.513548    
 2003   3.871621       2.477551       1.435100       2.109407      0.4371059      0.1639498      0.5642452E-01  0.1335039       4.442766       2.686546       1.526502       4.114415    
 2004   1.262673      0.5830293       2.313142       1.733301      0.3444977       1.391971      0.1232832E-01  0.3569776      0.8966314       1.467011       2.930741       2.120245    
 2005   2.014072       3.646964      0.8957604       1.722162      0.2023075      0.3818986      0.3446737E-01  0.8099899      0.8563381       1.482420       1.650302       2.574105    
 2006   4.162230       1.103806      0.6318062      0.3962745      0.7393103      0.1061165      0.5113988E-01  0.2009287       1.557591       1.806906       1.211749       3.052850    
 2007  0.5221416       1.754192       4.161640      0.9863179      0.5727867      0.6737317      0.1046634E-01  0.5733315E-01  0.8008178       2.830458       1.125766       2.836443    
 2008  0.3895888      0.9251017       1.829279      0.3079733      0.9023359      0.2861278      0.3459852E-01  0.2153676E-01   2.095021       1.518315      0.9444954      0.8803778    
 2009   3.709769       2.121377      0.9483474       3.868853      0.4014150      0.2337687E-01  0.1154698E-01  0.4325506       2.718305       1.890438      0.7711073      0.8063897    
 2010   1.229024       1.207142       1.890581       1.279428       1.116531      0.1850252      0.3788427E-01  0.2136808E-01   2.177340       1.861366       1.487050      0.7731425    
 2011   1.909087       2.744087       1.032083       1.400869       1.234031      0.4022864      0.1398388      0.2920671E-01  0.6219364       2.904043       3.853706       1.834884    
 2012   1.983086       2.266837       2.260084       1.052316      0.1968452      0.2225845E-01  0.6152203E-01  0.5172594E-01   1.319007       2.453143       1.234212      0.7683501    
 2013   1.326736       1.502453       1.235156       1.527241      0.4416900      0.1956985E-01  0.5844671E-01  0.2041464      0.7163287      0.8467281       1.824743       2.028852    
 2014   1.175352      0.7413294       2.971079       1.012130      0.6674246      0.3228557      0.4088392E-01  0.4139652E-01  0.2052950       1.985776       2.632889       2.393385    
 2015   1.286288       2.873098       2.268292      0.7706152E-01  0.4408409      0.4031328E-01  0.3115236E-01  0.8901996      0.9098718       1.367184       1.687222      0.4798253    
 2016   1.028417      0.8563668       1.714699       1.152526      0.8604944      0.2845863      0.3097812E-01  0.9552982E-01   2.556529      0.7637273       1.842713       3.359174    
 2017   1.645027       1.392422      0.1627780      0.5517999      0.1206183E-01  0.3951589      0.2229102E-01  0.2111963E-01  0.5349611       2.941740       1.354655      0.8170460    
 2018  0.4447318       1.937440       1.542470      0.7207933       1.148691      0.2037696      0.1706376E-01   1.726483       1.156431       3.116334       1.471286      0.9109153    
 2019   1.442638       1.748876       2.670628       1.488229       1.281243      0.1841517E-01  0.4476986E-01  0.9162933       1.979674       1.557710       2.166194       1.534035    
 2020  0.5394187      0.1318291       2.468042       2.046868      0.1207655      0.1869539      0.2020333      0.7061952E-01   2.589609      0.5893907       2.335766       1.798351    
 2021  0.7456797      0.5029822       1.901956       1.217995      0.4418156      0.3174970      0.1373886E-01  0.7853733E-01  0.3121048       4.437459       1.284708      0.9412531    
 2022   1.127567      0.4210785       1.804270      0.3634673      0.8450435      0.6588856E-02  0.1969320E-01  0.2223222      0.7231669      0.3190905       1.264352      0.1627911    
 2023  0.7158551       2.110193      0.2457258      0.9668508       2.363054       1.261143      0.7344881E-02  0.2677215      0.8222447E-01  0.1018818      0.6959891       2.962111    
 2024  0.7721061       1.581833      0.3949560       1.098239      0.5317488      0.2489306E-01  0.3274237E-02  0.8213428E-01   1.040311       2.471170       1.590958       1.948138    
 2025   2.706367       2.179550      0.9399201       1.632044      0.7675651      0.1824131      0.3641998E-01  0.1368132       1.315004      0.6605598      0.7756832       2.013494    
 2026   5.346609       1.121691       1.642907       1.690627      0.2010710      -999.9000      -999.9000      -999.9000      -999.9000      -999.9000      -999.9000      -999.9000    
