# using year1  1950
# using year2  2026
# minimal_valid_fraction ::  30.00
# operating on 
# <a href=http://climexp.knmi.nl/select.cgi?field=era5_tp>climexp.knmi.nl/select.cgi?field=era5_tp</a>
# file :: /data/climexp_data_collection/ERA5/era5_tp.nc
# cdi :: Climate Data Interface version 2.5.3 (https://mpimet.mpg.de/cdi)
# institution :: KNMI Climate Explorer and European Centre for Medium-Range Weather Forecasts
# cdo :: Climate Data Operators version 2.5.3 (https://mpimet.mpg.de/cdo)
# geospatial_lat_max ::     90.1
# geospatial_lon_min ::     -0.1
# geospatial_lon_units :: degrees_east
# geospatial_lon_resolution ::      0.2
# time_coverage_start :: 1950-01-15
# time_coverage_end :: 2026-05-15
# climexp_url :: https://climexp.knmi.nl/select.cgi?era5_tp
# nco :: netCDF Operators version 5.3.3 (Homepage = http://nco.sf.net, Code = http://github.com/nco/nco, Citation = 10.1016/j.envsoft.2008.03.004)
# scripturl01 :: http://climexp.knmi.nl/get_index.cgi?delta_lat=0.25&delta_lon=0.25&email=someone@somewhere&field=era5_tp&gridpoints=false&intertype=nearest&lat1=30&lat2=31&lat_max=90.00&lat_min=-90.00&lon1=-9&lon2=-8&lon_max=359.75&lon_min=0.00&masktype=all&year1=1950&year2=2026&year_max=2026&year_min=1950
# history ::  2026-08-02 22:50:29 bin/get_index /data/climexp_data_collection/ERA5/era5_tp.nc -9 -8 30 31 dipole no year1 1950 year2 2026 minfac 30 nearest lsmask /data/climexp_data_collection/ERA5/era5_000000_lsm-025.nc all nomissing era5_tp_-9--8E_30-31N_1950-2026_n\nSat Jun  6 08:38:11 2026: ncatted -a cell_methods,tp,d,, era5_tp.nc\nSat Jun 06 08:36:47 2026: cdo -r -f nc4 -z zip -O mergetime /net/pc230042/nobackup/users/sager/nobackup_2_old/ERA5/1950/mon/era5_tp_195001-195012.nc /net/pc230042/nobackup/users/sager/nobackup_2_old/ERA5/1951/mon/era5_tp_195101-195112.nc /net/pc230042/nobackup/users/sager/nobackup_2_old/ERA5/1952/mon/era5_tp_195201-195212.nc /net/pc230042/nobackup/users/sager/nobackup_2_old/ERA5/1953/mon/era5_tp_195301-195312.nc /net/pc230042/nobackup/users/sager/nobackup_2_old/ERA5/1954/mon/era5_tp_195401-195412.nc /net/pc230042/nobackup/users/sager/nobackup_2_old/ERA5/1955/mon/era5_tp_195501-195512.nc /net/pc230042/nobackup/users/sager/nobackup_2_old/ERA5/1956/mon/era5_tp_195601-195612.nc /net/pc230042/nobackup/users/sager/nobackup_2_old/ERA5/1957/mon/era5_tp_195701-195712.nc /net/pc230042/nobackup/users/sager/nobackup_2_old/ERA5/1958/mon/era5_tp_195801-195812.nc /net/pc230042/nobackup/users/sager/nobackup_2_old/ERA5/1959/mon/era5_tp_195901-195912.nc /net/pc230042/nobackup/users/sager/nobackup_2_old/ERA5/1960/mon/era5_tp_196001-196012.nc /net/pc230042/nobackup/users/sager/nobackup_2_old/ERA5/1961/mon/era5_tp_196101-196112.nc /net/pc230042/nobackup/users/sager/nobackup_2_old/ERA5/1962/mon/era5_tp_196201-196212.nc /net/pc230042/nobackup/users/sager/nobackup_2_old/ERA5/1963/mon/era5_tp_196301-196312.nc /net/pc230042/nobackup/users/sager/nobackup_2_old/ERA5/1964/mon/era5_tp_196401-196412.nc /net/pc230042/nobackup/users/sager/nobackup_2_old/ERA5/1965/mon/era5_tp_196501-196512.nc /net/pc230042/nobackup/users/sager/nobackup_2_old/ERA5/1966/mon/era5_tp_196601-196612.nc /net/pc230042/nobackup/users/sager/nobackup_2_old/ERA5/1967/mon/era5_tp_196701-196712.nc /net/pc230042/nobackup/users/sager/nobackup_2_old/ERA5/1968/mon/era5_tp_196801-196812.nc /net/pc230042/nobackup/users/sager/nobackup_2_old/ERA5/1969/mon/era5_tp_196901-196912.nc /net/pc230042/nobackup/users/sager/nobackup_2_old/ERA5/1970/mon/era5_tp_197001-197012.nc /net/pc230042/nobackup/users/sager/nobackup_2_old/ERA5/1971/mon/era5_tp_197101-197112.nc /net/pc230042/nobackup/users/sager/nobackup_2_old/ERA5/1972/mon/era5_tp_197201-197212.nc /net/pc230042/nobackup/users/sager/nobackup_2_old/ERA5/1973/mon/era5_tp_197301-197312.nc /net/pc230042/nobackup/users/sager/nobackup_2_old/ERA5/1974/mon/era5_tp_197401-197412.nc /net/pc230042/nobackup/users/sager/nobackup_2_old/ERA5/1975/mon/era5_tp_197501-197512.nc /net/pc230042/nobackup/users/sager/nobackup_2_old/ERA5/1976/mon/era5_tp_197601-197612.nc /net/pc230042/nobackup/users/sager/nobackup_2_old/ERA5/1977/mon/era5_tp_197701-197712.nc /net/pc230042/nobackup/users/sager/nobackup_2_old/ERA5/1978/mon/era5_tp_197801-197812.nc /net/pc230042/nobackup/users/sager/nobackup_2_old/ERA5/1979/mon/era5_tp_197901-197912.nc /net/pc230042/nobackup/users/sager/nobackup_2_old/ERA5/1980/mon/era5_tp_198001-198012.nc /net/pc230042/nobackup/users/sager/nobackup_2_old/ERA5/1981/mon/era5_tp_198101-198112.nc /net/pc230042/nobackup/users/sager/nobackup_2_old/ERA5/1982/mon/era5_tp_198201-198212.nc /net/pc230042/nobackup/users/sager/nobackup_2_old/ERA5/1983/mon/era5_tp_198301-198312.nc /net/pc230042/nobackup/users/sager/nobackup_2_old/ERA5/1984/mon/era5_tp_198401-198412.nc /net/pc230042/nobackup/users/sager/nobackup_2_old/ERA5/1985/mon/era5_tp_198501-198512.nc /net/pc230042/nobackup/users/sager/nobackup_2_old/ERA5/1986/mon/era5_tp_198601-198612.nc /net/pc230042/nobackup/users/sager/nobackup_2_old/ERA5/1987/mon/era5_tp_198701-198712.nc /net/pc230042/nobackup/users/sager/nobackup_2_old/ERA5/1988/mon/era5_tp_198801-198812.nc /net/pc230042/nobackup/users/sager/nobackup_2_old/ERA5/1989/mon/era5_tp_198901-198912.nc /net/pc230042/nobackup/users/sager/nobackup_2_old/ERA5/1990/mon/era5_tp_199001-199012.nc /net/pc230042/nobackup/users/sager/nobackup_2_old/ERA5/1991/mon/era5_tp_199101-199112.nc /net/pc230042/nobackup/users/sager/nobackup_2_old/ERA5/1992/mon/era5_tp_199201-199212.nc /net/pc230042/nobackup/users/sager/nobackup_2_old/ERA5/1993/mon/era5_tp_199301-199312.nc /net/pc230042/nobackup/users/sager/nobackup_2_old/ERA5/1994/mon/era5_tp_199401-199412.nc /net/pc230042/nobackup/users/sager/nobackup_2_old/ERA5/1995/mon/era5_tp_199501-199512.nc /net/pc230042/nobackup/users/sager/nobackup_2_old/ERA5/1996/mon/era5_tp_199601-199612.nc /net/pc230042/nobackup/users/sager/nobackup_2_old/ERA5/1997/mon/era5_tp_199701-199712.nc /net/pc230042/nobackup/users/sager/nobackup_2_old/ERA5/1998/mon/era5_tp_199801-199812.nc /net/pc230042/nobackup/users/sager/nobackup_2_old/ERA5/1999/mon/era5_tp_199901-199912.nc /net/pc230042/nobackup/users/sager/nobackup_2_old/ERA5/2000/mon/era5_tp_200001-200012.nc /net/pc230042/nobackup/users/sager/nobackup_2_old/ERA5/2001/mon/era5_tp_200101-200112.nc /net/pc230042/nobackup/users/sager/nobackup_2_old/ERA5/2002/mon/era5_tp_200201-200212.nc /net/pc230042/nobackup/users/sager/nobackup_2_old/ERA5/2003/mon/era5_tp_200301-200312.nc /net/pc230042/nobackup/users/sager/nobackup_2_old/ERA5/2004/mon/era5_tp_200401-200412.nc /net/pc230042/nobackup/users/sager/nobackup_2_old/ERA5/2005/mon/era5_tp_200501-200512.nc /net/pc230042/nobackup/users/sager/nobackup_2_old/ERA5/2006/mon/era5_tp_200601-200612.nc /net/pc230042/nobackup/users/sager/nobackup_2_old/ERA5/2007/mon/era5_tp_200701-200712.nc /net/pc230042/nobackup/users/sager/nobackup_2_old/ERA5/2008/mon/era5_tp_200801-200812.nc /net/pc230042/nobackup/users/sager/nobackup_2_old/ERA5/2009/mon/era5_tp_200901-200912.nc /net/pc230042/nobackup/users/sager/nobackup_2_old/ERA5/2010/mon/era5_tp_201001-201012.nc /net/pc230042/nobackup/users/sager/nobackup_2_old/ERA5/2011/mon/era5_tp_201101-201112.nc /net/pc230042/nobackup/users/sager/nobackup_2_old/ERA5/2012/mon/era5_tp_201201-201212.nc /net/pc230042/nobackup/users/sager/nobackup_2_old/ERA5/2013/mon/era5_tp_201301-201312.nc /net/pc230042/nobackup/users/sager/nobackup_2_old/ERA5/2014/mon/era5_tp_201401-201412.nc /net/pc230042/nobackup/users/sager/nobackup_2_old/ERA5/2015/mon/era5_tp_201501-201512.nc /net/pc230042/nobackup/users/sager/nobackup_2_old/ERA5/2016/mon/era5_tp_201601-201612.nc /net/pc230042/nobackup/users/sager/nobackup_2_old/ERA5/2017/mon/era5_tp_201701-201712.nc /net/pc230042/nobackup/users/sager/nobackup_2_old/ERA5/2018/mon/era5_tp_201801-201812.nc /net/pc230042/nobackup/users/sager/nobackup_2_old/ERA5/2019/mon/era5_tp_201901-201912.nc /net/pc230042/nobackup/users/sager/nobackup_2_old/ERA5/2020/mon/era5_tp_202001-202012.nc /net/pc230042/nobackup/users/sager/nobackup_2_old/ERA5/2021/mon/era5_tp_202101-202112.nc /net/pc230042/nobackup/users/sager/nobackup_2_old/ERA5/2022/mon/era5_tp_202201-202212.nc /net/pc230042/nobackup/users/sager/nobackup_2_old/ERA5/2023/mon/era5_tp_202301-202312.nc /net/pc230042/nobackup/users/sager/nobackup_2_old/ERA5/2024/mon/era5_tp_202401-202412.nc /net/pc230042/nobackup/users/sager/nobackup_2_old/ERA5/2025/mon/era5_tp_202501-202512.nc /net/pc230042/nobackup/users/sager/nobackup_2_old/ERA5/2026/mon/era5_tp_202601-202612.nc era5_tp.nc\nFri Feb 26 12:33:50 2021: cdo -O -z zip copy era5_195001_tp.nc era5_195002_tp.nc era5_195003_tp.nc era5_195004_tp.nc era5_195005_tp.nc era5_195006_tp.nc era5_195007_tp.nc era5_195008_tp.nc era5_195009_tp.nc era5_195010_tp.nc era5_195011_tp.nc era5_195012_tp.nc /nobackup_2/users/sager/ERA5/1950/mon/era5_tp_195001-195012.nc\nFri Feb 26 12:29:45 2021: ncatted -O -a long_name,tp,m,c,Precipitation -a standard_name,tp,m,c,precipitation_flux -a units,tp,m,c,mm/dy -a title,global,m,c,"ERA5 reanalysis, https://www.ecmwf.int/en/forecasts/datasets/reanalysis-datasets/era5" /nobackup_1/users/sager/CX/TMP/monthly/1950/era5_195001_tp.nc /nobackup_1/users/sager/CX/TMP/monthly/1950/era5_195001_tp_atted.nc\nFri Feb 26 12:29:45 2021: cdo -O -v -s -r -b 32 -f nc4 -z zip setgridtype,regular -mulc,1000.0 -setname,tp -settaxis,1950-01-15,0:00,1mon /nobackup_1/users/sager/CX/TMP/monthly/1950/era5_195001_TP.grb /nobackup_1/users/sager/CX/TMP/monthly/1950/era5_195001_tp.nc
# ave_region :: lon=  350.875  352.125, lat=   29.875   31.125
# averaging anomalies over region lon=  350.875  352.125, lat=   29.875   31.125
# tp [mm/dy] Precipitation
 1950  0.7523862      0.3611687E-01  0.7063320E-01  0.6839995      0.3038132      0.1109867      0.1812030      0.1857687      0.8122264       2.196489      0.2259320      0.5945600    
 1951  0.4922076      0.8550546      0.4944020      0.2908095      0.1326674      0.1148593      0.6917819E-01  0.2737006E-01  0.8424329      0.5251402       2.870981      0.7126163    
 1952  0.8215148      0.2838466      0.8415380      0.6201949      0.2527380      0.8079617E-01  0.2960616E-01  0.4671901      0.7480391      0.2505126      0.6364666      0.7783964    
 1953   1.871527      0.5809230       1.363623      0.4603524      0.1110597      0.1753783      0.5894427E-01  0.4051822      0.9736973       1.021253       1.183838       2.062198    
 1954  0.5189073       1.069261       1.414045       1.681816      0.1708773      0.2268776      0.1251789      0.4513749E-01  0.1075214      0.2740799       3.416542       1.348580    
 1955   1.069794       1.741919      0.9987693      0.5579737      0.3269590      0.4438895      0.1810313      0.4436189      0.2151446       2.850895      0.8698838      0.7059263    
 1956   2.714339       4.263157       1.576441       1.073333      0.8674882      0.5696877E-01  0.4497894E-01  0.9604349E-01  0.2914606       1.304396      0.3761651      0.3593073    
 1957  0.3494061      0.7400291E-01  0.5845501       1.464185      0.5085959      0.6021490E-01  0.1386046      0.3018548      0.4105839       1.327382      0.7076187       4.381221    
 1958  0.9951596      0.5890956      0.1417871      0.6208218      0.3524754      0.1958230      0.1822197      0.2419782      0.2268186      0.3893743      0.6944519       1.773837    
 1959  0.6967912      0.7205241       1.495018      0.2378722      0.9342345      0.8517849E-01  0.2148399      0.9227017      0.3226957      0.7647441       1.031107      0.2346770    
 1960   2.474312      0.6508806      0.9751910      0.7474292      0.1556197       1.000799      0.2440986      0.1571506      0.1654371      0.9617496      0.4463286      0.5891673    
 1961  0.1190967      0.2763177      0.5851550      0.2416540      0.3936197      0.3110326      0.4993726E-01  0.1554844      0.8727834      0.3254051       2.157415       1.288618    
 1962   1.023169      0.1871476       3.054504      0.7868887      0.4361376      0.2382363      0.1163191      0.2451281       1.469553       1.165980       2.316824       1.797196    
 1963   3.290573       3.914087      0.1102416       1.111681      0.9912106      0.1310791      0.4200042E-01  0.1359227      0.4924368E-01  0.2908413      0.7194102       5.752693    
 1964   1.438297      0.2326593      0.6541083       1.513236      0.3923098      0.3996178      0.2160041      0.1393169      0.3036669      0.9982242E-01  0.5066746       2.711831    
 1965   1.464564       2.181655      0.2638775      0.8088721      0.3500746      0.6444780      0.1004530      0.9979367       1.344318       4.374768       1.407022      0.5166799    
 1966  0.4847812E-01  0.6765810      0.4960338      0.6372573E-01  0.8349198      0.1506457      0.3491653E-01  0.1992310       1.090162      0.3327841       3.289302      0.1944307    
 1967  0.2306559       1.374865       1.213492       1.149565      0.2367070      0.1895755      0.1954933      0.2800864       1.285130       2.269238       4.528450      0.3560828    
 1968  0.1709340       2.154188       2.235401       1.034137      0.2227427      0.3536513      0.4914498      0.2502724      0.6414638      0.7755069       2.591632       1.802622    
 1969   1.805418       3.614189      0.5899882       1.056356      0.3313394      0.5504218      0.4236836      0.1002011      0.3516080      0.9665265       3.037024      0.8831497    
 1970   4.171127      0.3607282      0.9991455      0.3194475      0.4561998      0.2638875      0.1216172      0.1868037      0.5152467       2.557399       2.243632       3.652924    
 1971   1.114174      0.8041849       1.835127       2.859128      0.7046852      0.1868782      0.2609587      0.5470645       1.340555       1.494825       1.931322      0.5135082    
 1972  0.6109691       2.443976       1.354166       1.316673      0.7225458      0.2425261      0.9887204E-01  0.3476650       1.021978       2.074440      0.8020692       1.107894    
 1973  0.2820187       1.071850      0.9835817      0.7233766      0.2464781      0.4360877      0.8207344E-01  0.5002018      0.5603859E-01  0.7557328       1.664306       2.374401    
 1974  0.1214873      0.3958387       3.159862       1.498396      0.4875095      0.4158404      0.3719663      0.2613058      0.7390627      0.3157160      0.2772829      0.4773814    
 1975  0.7374055       1.237014      0.3849775       1.839551      0.8323815      0.1040646      0.1187317      0.2190187      0.2273553      0.2486236      0.1208732       1.989694    
 1976  0.5841704       1.490228       1.001315       1.196450       1.903642      0.3591357      0.7346994E-01  0.2329169      0.9424256      0.8893299      0.1689381E-01   1.556326    
 1977   1.012787      0.6917590      0.1363799       1.117105      0.3263396      0.8080306E-01  0.3830725E-01  0.5106758E-01  0.8567258       1.175568      0.9400937       2.854407    
 1978   2.719880       2.246976      0.2285601      0.4392867      0.4779693      0.1324277      0.8824048E-01  0.5121773      0.6049835       1.364231      0.5043247       1.021733    
 1979   4.710113      0.8528245      0.3455325      0.1354022      0.2640367      0.2153586      0.1651454      0.1044079      0.8795146       2.472727      0.2750490      0.4404371E-01
 1980  0.8775681       1.341741       3.369273      0.5683389      0.2805820      0.1105162      0.1062843      0.3705479       1.115709       1.005428       1.361051      0.7180106E-01
 1981  0.2223482       2.025028      0.5811349      0.3985195      0.2045036      0.3333482      0.1239238      0.2867845      0.2788209       1.226819      0.5474466      0.4174958    
 1982   1.206969      0.4593450       2.203843       1.961483       1.202357      0.1651151      0.2110321      0.2054424      0.3145871      0.9300242E-01  0.9808355      0.1333028    
 1983  0.2463855       1.535958       1.108718      0.2377034      0.5964170      0.3028669      0.1255185      0.1169439      0.1577457       1.515728       2.473072      0.6060069    
 1984  0.1379539      0.1336500      0.7412627      0.7510713      0.5969574      0.9393704E-01  0.9988584E-01  0.1332530      0.8634601      0.5447387E-01   2.502453      0.4507225    
 1985   3.634575      0.9603491      0.2603660      0.9100441      0.7540903      0.1317768      0.2183150      0.2650577      0.4538053       1.360512       1.167400      0.8606272    
 1986  0.3725990       1.990253       1.485695      0.6854115      0.4093229      0.4153036      0.3099481      0.1563389      0.9702972      0.9525270      0.4535395      0.1000771    
 1987   1.828601       1.191319      0.5669109      0.2802498       1.102878      0.3746784      0.2049134      0.1510392       1.492872       2.136455       1.825410       2.302485    
 1988   1.620973       3.315842       1.590679      0.1573537      0.5977482      0.2055627      0.1086485      0.1378040      0.8214696       1.475332       4.483812      0.2403453E-01
 1989  0.6602592       1.487662      0.6839435       1.355507      0.3180479      0.5519395      0.3750473      0.4685394      0.4868135       2.355972       2.292177       2.348156    
 1990  0.6495559      0.1013007E-01   2.022207       1.299538      0.4208779      0.2695740      0.3903687      0.4602897      0.6943471      0.2088044      0.4358797       1.393393    
 1991  0.1343233       2.965484       2.283747      0.5139274      0.1926784      0.4651822      0.4478335      0.4275080      0.4075561      0.7379815      0.8263356       2.060820    
 1992  0.3988997E-01   2.124743       1.039177      0.8775584      0.4237395      0.3306584      0.2366324      0.4017728      0.2131221      0.4991241      0.6304694E-01  0.5914719    
 1993  0.7429007       1.030512      0.7812350      0.1679918      0.5666923      0.7076538E-01  0.2070459      0.1932150      0.2611243       1.677899       2.029092      0.3224301    
 1994   1.033307      0.9347960       2.223667      0.3187033      0.2494961      0.1725716      0.1522427      0.3353164      0.2444158       1.887192      0.1323009      0.1716636    
 1995  0.6251676E-02  0.5542999       1.840591       2.178575      0.1618670      0.1423701      0.1428535      0.4053042       1.019690      0.3211173       1.212870       2.230613    
 1996   4.853184       1.738508       3.258406      0.3906420      0.7759436       1.308578      0.1568672      0.8230330E-01  0.3358664      0.2372734       1.139880       3.796171    
 1997   1.414931      0.3814758       1.785733       1.647265      0.2396534      0.1182685      0.5166504E-01  0.5101111       1.127989      0.5912929      0.6184543       1.033009    
 1998   1.944309       3.838110      0.6742871      0.3225709      0.2824331      0.2223924      0.1112299      0.1435406      0.1806193      0.9012549E-01  0.8168735E-01  0.8860562    
 1999   1.067818      0.4568837      0.9530467      0.1783084      0.2539253      0.1438995      0.1834003      0.5462000      0.2553050       2.703329      0.2511648      0.8750297    
 2000  0.2196473      0.2291044      0.3122370       1.318830      0.2816561      0.1727108      0.4961125E-01  0.1899398      0.1260510      0.1486356      0.3320567       1.837644    
 2001  0.2507411      0.8663825E-01  0.2619296      0.1597307      0.1063218      0.5040413E-01  0.5244859E-01  0.2201686      0.2961937      0.1906279      0.4147308       2.107628    
 2002  0.1712609      0.2024099       1.402982       2.637264      0.2099159      0.8638395E-01  0.5519375E-01  0.3886372      0.3184030      0.4095980       2.920246       1.696712    
 2003  0.1319310      0.4393254      0.8375319      0.6210034      0.4283897      0.4190274      0.2396645      0.8417701      0.5977157       2.305847       1.696582      0.5874259    
 2004  0.4050624E-01   1.986621      0.7940093      0.7639036      0.7277965      0.4771128      0.1702339      0.1759027      0.3952180      0.8277076       1.271786       1.213613    
 2005  0.2922998E-01   1.872980      0.8588358      0.6341638E-01  0.2017749      0.4832773      0.8187173E-01  0.4091744      0.1422445       2.385143       1.019981       1.220779    
 2006   2.661264       1.782041      0.3010539      0.9273677      0.4351300      0.2720829      0.3640131      0.2375268      0.3956966       1.121624      0.4133958      0.4809909    
 2007  0.7546753      0.8693194      0.2435393      0.6220420      0.2932190      0.8641373E-01  0.2534779      0.7664326      0.2536747      0.6611357      0.7187441      0.3057853    
 2008  0.3740444       1.500625      0.2639626      0.2671151      0.2043364      0.1414238      0.2798962      0.3994323       2.252253       1.275460       1.689571      0.7285390    
 2009   1.117821       3.190807       2.110424      0.1210218      0.1823248       1.527482      0.1643800      0.1569300       1.566282      0.1979728      0.3746977E-01   3.436706    
 2010   1.368000       5.767806       1.172894      0.7321688      0.3155707      0.1224462      0.3038577       1.381076       1.600330       1.007859       3.171600       1.229896    
 2011   1.315788      0.1094687       1.767081       1.296620       3.905570      0.6951860      0.1906205      0.5784351      0.1495175      0.9559553       1.267811      0.8838960E-02
 2012  0.1774802      0.1319659      0.5631660       1.118914      0.9018784E-01  0.2009253      0.1315481      0.4126821       1.483567       2.969681       1.040174      0.4666135E-01
 2013  0.1635325      0.2681450       3.005612       1.013720      0.1555947      0.1404724      0.2237049      0.2605251      0.9267791      0.1969273      0.3025135      0.3321052    
 2014   1.122833      0.2613542       1.095262      0.6185578      0.3145640      0.1143117      0.1035056      0.3818581       1.837206      0.3574100       7.526353      0.5026677    
 2015  0.4083071      0.1579978       1.240292      0.3088570      0.4380010      0.2184465      0.6412451      0.7211865      0.7412873       2.825614      0.1846351      0.3900147E-01
 2016  0.2276233      0.8753053      0.5872242      0.1498284       1.717215      0.1086609      0.2673650      0.5800751      0.4711149       1.662448       2.280695       1.009915    
 2017  0.2000116       3.132380      0.4892173      0.4032234      0.1860436      0.4727508      0.1192603      0.3135369      0.1927702      0.5878807      0.1426560      0.7581671    
 2018   1.024950       1.781623       1.750238      0.6544255      0.4391171      0.1266208      0.3102157E-01  0.9775257       2.649651       2.266170       1.600117      0.2173835E-01
 2019  0.4602021E-01  0.3326420       1.018645      0.6859752      0.3951713      0.2426521      0.1698145       1.057618      0.2289961      0.5208505E-01  0.2467878       1.154382    
 2020  0.1221206      0.2291754E-01   1.266254      0.3649078      0.5280972      0.1031767      0.2019584      0.4577591      0.6178834      0.6146039       1.438874      0.2316697    
 2021   2.410818       1.823499      0.5722234      0.3237582      0.2376572      0.2021553      0.1307071      0.7058167E-01  0.3186293      0.3046364E-01  0.9444780      0.4503499    
 2022  0.5714054      0.7738309       1.286902      0.6005976      0.2413001      0.2957142      0.2109602      0.3333651      0.7256037      0.4083234      0.3604113E-01   1.512759    
 2023  0.6243156E-01   2.562698      0.1120344      0.6200681      0.3695010      0.2175284      0.1823770      0.3652921      0.1678511      0.3856250      0.2529955E-01  0.4365824E-01
 2024  0.1711991E-01  0.5858226       1.425082      0.1144997      0.1117028      0.1820120      0.1633146      0.1506382       1.367681      0.9319239      0.5656402      0.4544418    
 2025  0.8299728E-01  0.3964309       1.689644      0.8506724      0.2249230      0.3757618      0.2115059      0.2667893      0.5407884      0.8861823E-01  0.7704725       2.031149    
 2026   2.990627      0.3987280       2.746691      0.7171681      0.3071285      -999.9000      -999.9000      -999.9000      -999.9000      -999.9000      -999.9000      -999.9000    
