# using year1  1950
# using year2  2026
# minimal_valid_fraction ::  30.00
# operating on 
# <a href=http://climexp.knmi.nl/select.cgi?field=era5_tp>climexp.knmi.nl/select.cgi?field=era5_tp</a>
# file :: /data/climexp_data_collection/ERA5/era5_tp.nc
# cdi :: Climate Data Interface version 2.5.3 (https://mpimet.mpg.de/cdi)
# institution :: KNMI Climate Explorer and European Centre for Medium-Range Weather Forecasts
# cdo :: Climate Data Operators version 2.5.3 (https://mpimet.mpg.de/cdo)
# geospatial_lat_max ::     90.1
# geospatial_lon_min ::     -0.1
# geospatial_lon_units :: degrees_east
# geospatial_lon_resolution ::      0.2
# time_coverage_start :: 1950-01-15
# time_coverage_end :: 2026-05-15
# climexp_url :: https://climexp.knmi.nl/select.cgi?era5_tp
# nco :: netCDF Operators version 5.3.3 (Homepage = http://nco.sf.net, Code = http://github.com/nco/nco, Citation = 10.1016/j.envsoft.2008.03.004)
# scripturl01 :: http://climexp.knmi.nl/get_index.cgi?delta_lat=0.25&delta_lon=0.25&email=someone@somewhere&field=era5_tp&gridpoints=false&intertype=nearest&lat1=33&lat2=34&lat_max=90.00&lat_min=-90.00&lon1=10&lon2=11&lon_max=359.75&lon_min=0.00&masktype=all&year1=1950&year2=2026&year_max=2026&year_min=1950
# history ::  2026-08-02 22:51:54 bin/get_index /data/climexp_data_collection/ERA5/era5_tp.nc 10 11 33 34 dipole no year1 1950 year2 2026 minfac 30 nearest lsmask /data/climexp_data_collection/ERA5/era5_000000_lsm-025.nc all nomissing era5_tp_10-11E_33-34N_1950-2026_n\nSat Jun  6 08:38:11 2026: ncatted -a cell_methods,tp,d,, era5_tp.nc\nSat Jun 06 08:36:47 2026: cdo -r -f nc4 -z zip -O mergetime /net/pc230042/nobackup/users/sager/nobackup_2_old/ERA5/1950/mon/era5_tp_195001-195012.nc /net/pc230042/nobackup/users/sager/nobackup_2_old/ERA5/1951/mon/era5_tp_195101-195112.nc /net/pc230042/nobackup/users/sager/nobackup_2_old/ERA5/1952/mon/era5_tp_195201-195212.nc /net/pc230042/nobackup/users/sager/nobackup_2_old/ERA5/1953/mon/era5_tp_195301-195312.nc /net/pc230042/nobackup/users/sager/nobackup_2_old/ERA5/1954/mon/era5_tp_195401-195412.nc /net/pc230042/nobackup/users/sager/nobackup_2_old/ERA5/1955/mon/era5_tp_195501-195512.nc /net/pc230042/nobackup/users/sager/nobackup_2_old/ERA5/1956/mon/era5_tp_195601-195612.nc /net/pc230042/nobackup/users/sager/nobackup_2_old/ERA5/1957/mon/era5_tp_195701-195712.nc /net/pc230042/nobackup/users/sager/nobackup_2_old/ERA5/1958/mon/era5_tp_195801-195812.nc /net/pc230042/nobackup/users/sager/nobackup_2_old/ERA5/1959/mon/era5_tp_195901-195912.nc /net/pc230042/nobackup/users/sager/nobackup_2_old/ERA5/1960/mon/era5_tp_196001-196012.nc /net/pc230042/nobackup/users/sager/nobackup_2_old/ERA5/1961/mon/era5_tp_196101-196112.nc /net/pc230042/nobackup/users/sager/nobackup_2_old/ERA5/1962/mon/era5_tp_196201-196212.nc /net/pc230042/nobackup/users/sager/nobackup_2_old/ERA5/1963/mon/era5_tp_196301-196312.nc /net/pc230042/nobackup/users/sager/nobackup_2_old/ERA5/1964/mon/era5_tp_196401-196412.nc /net/pc230042/nobackup/users/sager/nobackup_2_old/ERA5/1965/mon/era5_tp_196501-196512.nc /net/pc230042/nobackup/users/sager/nobackup_2_old/ERA5/1966/mon/era5_tp_196601-196612.nc /net/pc230042/nobackup/users/sager/nobackup_2_old/ERA5/1967/mon/era5_tp_196701-196712.nc /net/pc230042/nobackup/users/sager/nobackup_2_old/ERA5/1968/mon/era5_tp_196801-196812.nc /net/pc230042/nobackup/users/sager/nobackup_2_old/ERA5/1969/mon/era5_tp_196901-196912.nc /net/pc230042/nobackup/users/sager/nobackup_2_old/ERA5/1970/mon/era5_tp_197001-197012.nc /net/pc230042/nobackup/users/sager/nobackup_2_old/ERA5/1971/mon/era5_tp_197101-197112.nc /net/pc230042/nobackup/users/sager/nobackup_2_old/ERA5/1972/mon/era5_tp_197201-197212.nc /net/pc230042/nobackup/users/sager/nobackup_2_old/ERA5/1973/mon/era5_tp_197301-197312.nc /net/pc230042/nobackup/users/sager/nobackup_2_old/ERA5/1974/mon/era5_tp_197401-197412.nc /net/pc230042/nobackup/users/sager/nobackup_2_old/ERA5/1975/mon/era5_tp_197501-197512.nc /net/pc230042/nobackup/users/sager/nobackup_2_old/ERA5/1976/mon/era5_tp_197601-197612.nc /net/pc230042/nobackup/users/sager/nobackup_2_old/ERA5/1977/mon/era5_tp_197701-197712.nc /net/pc230042/nobackup/users/sager/nobackup_2_old/ERA5/1978/mon/era5_tp_197801-197812.nc /net/pc230042/nobackup/users/sager/nobackup_2_old/ERA5/1979/mon/era5_tp_197901-197912.nc /net/pc230042/nobackup/users/sager/nobackup_2_old/ERA5/1980/mon/era5_tp_198001-198012.nc /net/pc230042/nobackup/users/sager/nobackup_2_old/ERA5/1981/mon/era5_tp_198101-198112.nc /net/pc230042/nobackup/users/sager/nobackup_2_old/ERA5/1982/mon/era5_tp_198201-198212.nc /net/pc230042/nobackup/users/sager/nobackup_2_old/ERA5/1983/mon/era5_tp_198301-198312.nc /net/pc230042/nobackup/users/sager/nobackup_2_old/ERA5/1984/mon/era5_tp_198401-198412.nc /net/pc230042/nobackup/users/sager/nobackup_2_old/ERA5/1985/mon/era5_tp_198501-198512.nc /net/pc230042/nobackup/users/sager/nobackup_2_old/ERA5/1986/mon/era5_tp_198601-198612.nc /net/pc230042/nobackup/users/sager/nobackup_2_old/ERA5/1987/mon/era5_tp_198701-198712.nc /net/pc230042/nobackup/users/sager/nobackup_2_old/ERA5/1988/mon/era5_tp_198801-198812.nc /net/pc230042/nobackup/users/sager/nobackup_2_old/ERA5/1989/mon/era5_tp_198901-198912.nc /net/pc230042/nobackup/users/sager/nobackup_2_old/ERA5/1990/mon/era5_tp_199001-199012.nc /net/pc230042/nobackup/users/sager/nobackup_2_old/ERA5/1991/mon/era5_tp_199101-199112.nc /net/pc230042/nobackup/users/sager/nobackup_2_old/ERA5/1992/mon/era5_tp_199201-199212.nc /net/pc230042/nobackup/users/sager/nobackup_2_old/ERA5/1993/mon/era5_tp_199301-199312.nc /net/pc230042/nobackup/users/sager/nobackup_2_old/ERA5/1994/mon/era5_tp_199401-199412.nc /net/pc230042/nobackup/users/sager/nobackup_2_old/ERA5/1995/mon/era5_tp_199501-199512.nc /net/pc230042/nobackup/users/sager/nobackup_2_old/ERA5/1996/mon/era5_tp_199601-199612.nc /net/pc230042/nobackup/users/sager/nobackup_2_old/ERA5/1997/mon/era5_tp_199701-199712.nc /net/pc230042/nobackup/users/sager/nobackup_2_old/ERA5/1998/mon/era5_tp_199801-199812.nc /net/pc230042/nobackup/users/sager/nobackup_2_old/ERA5/1999/mon/era5_tp_199901-199912.nc /net/pc230042/nobackup/users/sager/nobackup_2_old/ERA5/2000/mon/era5_tp_200001-200012.nc /net/pc230042/nobackup/users/sager/nobackup_2_old/ERA5/2001/mon/era5_tp_200101-200112.nc /net/pc230042/nobackup/users/sager/nobackup_2_old/ERA5/2002/mon/era5_tp_200201-200212.nc /net/pc230042/nobackup/users/sager/nobackup_2_old/ERA5/2003/mon/era5_tp_200301-200312.nc /net/pc230042/nobackup/users/sager/nobackup_2_old/ERA5/2004/mon/era5_tp_200401-200412.nc /net/pc230042/nobackup/users/sager/nobackup_2_old/ERA5/2005/mon/era5_tp_200501-200512.nc /net/pc230042/nobackup/users/sager/nobackup_2_old/ERA5/2006/mon/era5_tp_200601-200612.nc /net/pc230042/nobackup/users/sager/nobackup_2_old/ERA5/2007/mon/era5_tp_200701-200712.nc /net/pc230042/nobackup/users/sager/nobackup_2_old/ERA5/2008/mon/era5_tp_200801-200812.nc /net/pc230042/nobackup/users/sager/nobackup_2_old/ERA5/2009/mon/era5_tp_200901-200912.nc /net/pc230042/nobackup/users/sager/nobackup_2_old/ERA5/2010/mon/era5_tp_201001-201012.nc /net/pc230042/nobackup/users/sager/nobackup_2_old/ERA5/2011/mon/era5_tp_201101-201112.nc /net/pc230042/nobackup/users/sager/nobackup_2_old/ERA5/2012/mon/era5_tp_201201-201212.nc /net/pc230042/nobackup/users/sager/nobackup_2_old/ERA5/2013/mon/era5_tp_201301-201312.nc /net/pc230042/nobackup/users/sager/nobackup_2_old/ERA5/2014/mon/era5_tp_201401-201412.nc /net/pc230042/nobackup/users/sager/nobackup_2_old/ERA5/2015/mon/era5_tp_201501-201512.nc /net/pc230042/nobackup/users/sager/nobackup_2_old/ERA5/2016/mon/era5_tp_201601-201612.nc /net/pc230042/nobackup/users/sager/nobackup_2_old/ERA5/2017/mon/era5_tp_201701-201712.nc /net/pc230042/nobackup/users/sager/nobackup_2_old/ERA5/2018/mon/era5_tp_201801-201812.nc /net/pc230042/nobackup/users/sager/nobackup_2_old/ERA5/2019/mon/era5_tp_201901-201912.nc /net/pc230042/nobackup/users/sager/nobackup_2_old/ERA5/2020/mon/era5_tp_202001-202012.nc /net/pc230042/nobackup/users/sager/nobackup_2_old/ERA5/2021/mon/era5_tp_202101-202112.nc /net/pc230042/nobackup/users/sager/nobackup_2_old/ERA5/2022/mon/era5_tp_202201-202212.nc /net/pc230042/nobackup/users/sager/nobackup_2_old/ERA5/2023/mon/era5_tp_202301-202312.nc /net/pc230042/nobackup/users/sager/nobackup_2_old/ERA5/2024/mon/era5_tp_202401-202412.nc /net/pc230042/nobackup/users/sager/nobackup_2_old/ERA5/2025/mon/era5_tp_202501-202512.nc /net/pc230042/nobackup/users/sager/nobackup_2_old/ERA5/2026/mon/era5_tp_202601-202612.nc era5_tp.nc\nFri Feb 26 12:33:50 2021: cdo -O -z zip copy era5_195001_tp.nc era5_195002_tp.nc era5_195003_tp.nc era5_195004_tp.nc era5_195005_tp.nc era5_195006_tp.nc era5_195007_tp.nc era5_195008_tp.nc era5_195009_tp.nc era5_195010_tp.nc era5_195011_tp.nc era5_195012_tp.nc /nobackup_2/users/sager/ERA5/1950/mon/era5_tp_195001-195012.nc\nFri Feb 26 12:29:45 2021: ncatted -O -a long_name,tp,m,c,Precipitation -a standard_name,tp,m,c,precipitation_flux -a units,tp,m,c,mm/dy -a title,global,m,c,"ERA5 reanalysis, https://www.ecmwf.int/en/forecasts/datasets/reanalysis-datasets/era5" /nobackup_1/users/sager/CX/TMP/monthly/1950/era5_195001_tp.nc /nobackup_1/users/sager/CX/TMP/monthly/1950/era5_195001_tp_atted.nc\nFri Feb 26 12:29:45 2021: cdo -O -v -s -r -b 32 -f nc4 -z zip setgridtype,regular -mulc,1000.0 -setname,tp -settaxis,1950-01-15,0:00,1mon /nobackup_1/users/sager/CX/TMP/monthly/1950/era5_195001_TP.grb /nobackup_1/users/sager/CX/TMP/monthly/1950/era5_195001_tp.nc
# ave_region :: lon=    9.875   11.125, lat=   32.875   34.125
# averaging anomalies over region lon=    9.875   11.125, lat=   32.875   34.125
# tp [mm/dy] Precipitation
 1950  0.4979606       1.058855      0.6344201      0.4410109      0.2583891      0.6870817E-03   0.000000      0.2481182E-01  0.4137066E-01  0.9225864      0.1431948      0.3471531    
 1951  0.8104630      0.5312295E-01  0.2853831E-01  0.1806072E-01  0.5152695E-01  0.5882596E-02  0.2743965E-01  0.7632488E-02   1.993677       1.067742       1.003894      0.1317683    
 1952  0.7004527      0.5431209      0.5870436E-01  0.5192338      0.7607837E-01  0.6895227E-02  0.1148496E-01  0.3065818E-02  0.1162625      0.8292975      0.8809786E-01  0.4608172E-01
 1953  0.3884506      0.6716139       1.296823      0.1638408      0.2420902      0.2848579      0.5719624E-02  0.2790105E-01  0.2968214      0.9657611       1.255232      0.2527327    
 1954  0.9739853E-01  0.5477867      0.1557884      0.6765756      0.3164831E-01  0.5258536E-02  0.1621559E-01  0.3655055E-02  0.1404485E-01   1.928452      0.3510190      0.3891202    
 1955  0.1030624      0.9177894E-01  0.6693052E-01  0.8056511      0.1214368      0.1832610E-02   0.000000      0.6048751E-01  0.2066846      0.2673444      0.2187183      0.6563075    
 1956  0.1055077      0.7238852      0.4380130      0.3971618E-01  0.3314026      0.8947961E-02  0.9203615E-03  0.4597444E-03  0.6045834       1.162081      0.4205162      0.5452164    
 1957  0.8210766      0.5951330E-02  0.7540973E-01   1.794006      0.4848185      0.1247673      0.1534663E-03  0.1918439E-01  0.3243924       1.322136      0.6662265      0.4372896    
 1958  0.7849991      0.2627303      0.1045358      0.5995225E-01  0.4044250E-02  0.8780834E-02  0.3060571E-03  0.2445374E-02  0.5944335      0.2859142       1.474890       1.104352    
 1959  0.3003481      0.9339442      0.1904193      0.2621803      0.1453813      0.1527146E-01   0.000000      0.1053038E-01  0.5296294E-01   1.254405      0.1483064       1.081516    
 1960  0.2616450      0.2578250E-01  0.1360424      0.7442665      0.5512813E-01  0.1743379      0.8073033E-02  0.6895061E-03  0.5203388E-01  0.1987173      0.4498294      0.9520071    
 1961  0.4795994      0.1982756      0.7969426      0.3480413      0.8806999E-01  0.3988479E-01  0.1905998E-02  0.8776002E-01  0.3017436      0.2441616      0.4916970E-01  0.4006473E-01
 1962  0.5089545      0.1895187      0.7061417      0.2725994      0.7638571E-01  0.1799899E-01  0.6268884E-02  0.5025781E-01  0.1856612      0.4686227       1.558398      0.2138757    
 1963  0.5267360      0.3723887      0.6574146      0.1564067      0.6750007E-01  0.7389420E-01  0.4347214E-01  0.6102826E-02  0.1968689       1.034227      0.1516981E-01  0.4342441    
 1964   3.206606      0.3976740      0.5951032E-01  0.3094702      0.7930812E-02  0.5096398E-01  0.1677582E-02  0.4865221E-01  0.4135999E-01  0.5408069      0.3535384      0.7559684    
 1965  0.8449692      0.1458642      0.7537706      0.4118227      0.2265014E-01  0.3502487E-02  0.3590884E-02  0.4879789E-01  0.4813641      0.5926088      0.6419791       1.546395    
 1966  0.2411550E-01  0.8091459E-01  0.3331937      0.7022821      0.7692011E-01  0.6961091E-01  0.1035702E-01  0.2444351E-01  0.2940142      0.2666044       1.205517      0.1024186    
 1967  0.9461439E-01  0.8660005      0.2010829      0.1236606      0.1539232      0.6386320E-01  0.6412256E-02  0.4421314E-02  0.5330835      0.5346385      0.9610459      0.2591533    
 1968  0.9379520      0.4097559      0.4372328      0.3381626      0.1641600      0.7171969      0.3886375E-02  0.4135929E-02  0.1179281      0.6451018      0.2117842E-01  0.4509724    
 1969  0.6206838      0.3197429      0.4452548      0.4099408      0.3198988      0.5868011E-01  0.5225787E-01  0.6451801E-01   2.618961       3.096428      0.4232281      0.2029685    
 1970  0.1788849      0.2317672E-01  0.1392710      0.6108876      0.1325717      0.3080299E-01  0.2583848E-02  0.3038798E-01  0.4353156      0.1543875      0.2600793E-01   1.186876    
 1971  0.6046033      0.6665555      0.5593169      0.2300745E-01  0.2295658      0.5879940E-02  0.2813740E-01  0.3503780E-02  0.8158324       1.667663      0.4627815      0.3828875    
 1972  0.3600672      0.3577518       1.429588       2.247434      0.2626827      0.1602394E-01  0.3136181E-01  0.9513607E-01  0.4510219      0.7372908      0.2428089       1.243087    
 1973  0.6872208      0.7651579      0.7105421      0.3848658      0.5147506E-01  0.2821597E-01  0.2743560E-01  0.1146985      0.3145825      0.2304693      0.7066609       2.184838    
 1974  0.1891959      0.7442012       1.542581      0.3157854      0.6491625E-02  0.9797163E-01  0.5236342E-01  0.5193981E-02   1.171937       1.422106      0.1485717      0.5376885    
 1975  0.7952109       1.882256      0.6769495      0.9955802      0.4576629      0.8239189E-01  0.3810348E-03  0.2584263E-01  0.2016734       1.534742      0.8513570       1.291251    
 1976   2.474707       2.039156       3.209152      0.7260551E-01  0.8314635      0.4624430E-01  0.1788471E-01  0.1852488E-01  0.9694407      0.5972236      0.6618247      0.5221831E-01
 1977  0.5607722      0.2015050      0.4028653      0.7068928      0.2784243E-01  0.1714391E-01  0.7559755E-02  0.1706513E-01  0.7073932      0.2505345       2.120670      0.1683348    
 1978  0.3724949      0.5667072      0.4067731      0.8464111E-01  0.7037667      0.5351599E-03  0.6864199E-03  0.2709443E-01  0.1327018      0.9294096       2.195165      0.1447508E-01
 1979  0.2148757       1.745690       2.993082      0.6869674      0.4174530E-01  0.6285559E-01  0.1433180E-01  0.2256127E-01  0.2946900      0.2825217      0.3138977      0.7498179E-01
 1980  0.2478716      0.7050249       1.229414      0.8286722      0.1396399      0.4438698E-02  0.1148813E-02  0.9934478E-02  0.8727463E-01  0.6673065      0.9524755       1.263841    
 1981  0.2359431       1.257617      0.8909957E-01  0.7286725E-01  0.5420590E-01  0.1832706E-01  0.9078969E-02  0.5918781E-01  0.1300738      0.3443770      0.1296189      0.9357263E-01
 1982  0.3711848      0.4593538      0.3627281       1.028768      0.1321511      0.1373218E-01  0.8392408E-02  0.1076365E-01  0.3558909       1.372920       1.039479       1.109769    
 1983  0.1352973      0.4381189      0.3995661      0.1176461      0.2392780      0.2067245      0.1271082E-01  0.2896976E-02  0.4809510      0.6976882      0.4426166       1.389162    
 1984  0.1636571      0.3489870      0.7278737      0.2022579      0.1016056      0.3042958E-03  0.2301995E-03  0.2089567E-01  0.6932273E-01   4.442998      0.4146320       1.513470    
 1985  0.6649721      0.6024051E-01  0.3117948      0.4802804      0.1098964      0.2704566E-01  0.2906889E-02  0.3825720E-03  0.1302266      0.1533713      0.5425160E-01   2.360488    
 1986  0.2708743      0.1446412E-01  0.2738839      0.6120932      0.1038795      0.2597985E-01  0.1823657E-01  0.2135525E-01  0.2779230      0.3113194       1.727705       2.035546    
 1987  0.1049737      0.2511600      0.5676975      0.4812956      0.4333691E-01  0.7967113E-02  0.8413881E-02  0.2220490E-01  0.7014534E-01  0.5510331       1.087306      0.8981119    
 1988  0.1020417      0.1090960      0.3227865      0.6279512E-01  0.2956446E-01  0.1958949      0.9445723E-02  0.6108855E-02  0.5422959      0.7666922E-01   1.494309       1.241013    
 1989  0.6938350      0.4627683      0.2524836      0.1133933      0.1379839      0.1984524E-01  0.2319018E-01  0.4809456E-01  0.4784765E-01  0.5925268      0.3759016      0.4262699    
 1990   4.221300      0.6442533E-01  0.4064750      0.6111907      0.7226354      0.1144328E-01  0.8165008E-02  0.1602347E-01  0.5618288E-01  0.9709530E-01   1.557750      0.5223624    
 1991  0.4195091      0.3715201      0.3978649      0.1639971      0.4015048      0.6408434E-01  0.5053466E-02  0.4877747E-02  0.7503006      0.2575552      0.2698375      0.3866436    
 1992  0.9661779      0.8440176       1.102089      0.2811200      0.3738640      0.1055016E-01  0.2142411E-02  0.4968588E-02  0.3468503E-01  0.1506236      0.3352726      0.9692063    
 1993  0.5026796      0.7229745      0.4343249      0.5334169E-01  0.5324850E-01  0.1147912E-01  0.7640403E-03  0.8192267E-02  0.7436255E-01  0.1937101      0.7089453      0.8486307    
 1994   1.183321      0.4547886      0.4387379      0.7657481      0.1015395      0.2274055E-01  0.3896288E-02   0.000000      0.9233356E-01  0.5316546      0.1107177      0.2037692    
 1995   1.053647      0.8467229E-01  0.3204246      0.5137544      0.3209639E-02  0.7116239E-02  0.1528083E-02  0.2488426E-01   1.653753       5.223829      0.1736713      0.7841545    
 1996  0.6230391       1.335408      0.9333348      0.1579361      0.1193669      0.1384437      0.2251687E-01  0.3716532E-01  0.1535918      0.2082335      0.2326885      0.9177688E-01
 1997  0.6514840      0.3007288      0.6874327      0.8280858      0.3324165E-01  0.5018939E-01  0.1152854E-01  0.3185660       3.113296      0.8429605      0.6155756E-01  0.4534087    
 1998  0.5160583      0.6779805      0.6159579      0.3445240      0.7279893E-01  0.7030047E-01  0.1534663E-03  0.3990958E-01  0.5035230       1.577512      0.3747693      0.4193132    
 1999   1.561384       1.215207      0.1124820      0.1784499E-01  0.1113101E-01  0.1529530E-01  0.8347237E-02  0.4157575E-01  0.1845220      0.4108540       1.101072      0.4297107    
 2000  0.2976000      0.2521748      0.9086862E-01  0.1343702      0.3311397      0.3650200E-02   0.000000       0.000000      0.1937907E-01  0.8021127      0.2161843E-01  0.5802579E-01
 2001  0.7085016E-01  0.1731283      0.1088168      0.3255166      0.1856565      0.3836658E-03  0.1269997E-01  0.1940713E-01  0.4954738E-01  0.2589633      0.4459492      0.6531304    
 2002  0.1012265      0.5820968      0.2038270      0.3982583      0.2874785      0.6936819E-02  0.1382181E-01  0.3023808E-01  0.5232131      0.6033401      0.8878583      0.2720862    
 2003   1.054413      0.8648766      0.4731529      0.4893603      0.1383447      0.5873751E-02  0.2008653E-01  0.9725861E-01   1.669961      0.2341290      0.7287984       1.324959    
 2004   1.413055      0.2043132E-01   1.379581      0.2920137      0.2903094      0.5982668E-01  0.1304027E-02  0.2984850E-01  0.5823300E-01  0.6247919E-01  0.6230010      0.5425896    
 2005  0.2164314      0.1843354      0.3177195      0.1465558      0.2599519E-02  0.1272787      0.5731787E-02  0.1817501      0.5334333      0.3534054      0.3676223       2.481952    
 2006   1.788279      0.5048084      0.2954866E-01  0.2476019      0.3807272      0.5065171E-01  0.2923474E-01  0.7300588E-01  0.1447883      0.8111342       1.249030       1.011285    
 2007  0.7009937E-01  0.9999511       1.410084       1.817676      0.6369325E-01  0.2111408      0.2751213E-02  0.4671475E-01  0.3710059E-01   1.040438      0.1299426       1.951710    
 2008  0.4918834      0.2309600      0.2315290      0.8217445E-01  0.2343991E-01  0.2782939E-01  0.1470042E-01  0.7501064E-02  0.5713281      0.4679814      0.7899857      0.3772591    
 2009   1.331064      0.3596981E-01  0.3692790      0.4257473      0.4346753      0.1369619E-01  0.1849915E-01  0.6592321E-01   1.670555      0.2440813      0.7252965E-01  0.8990876E-01
 2010  0.2729261      0.7936049E-01  0.1587680      0.3309997      0.1302228      0.3838904E-01  0.3657719E-02  0.9199252E-03  0.3317437      0.6898470      0.9823188      0.4653895    
 2011  0.2868633      0.6234653      0.5041952      0.1701606      0.1922212      0.7376423E-01  0.1450696E-02  0.4732188E-02  0.1658559       1.524886      0.3460917      0.4219279    
 2012  0.7087041      0.8064740       1.843032      0.2315867      0.2051906E-01  0.3592651E-02  0.2148092E-02  0.8074382E-02  0.1380881      0.1954265      0.2043101      0.3037417E-01
 2013  0.1420152      0.1224990      0.8774266E-01  0.3360430      0.8254025E-01  0.5939026E-02  0.1344325E-01  0.2187381      0.6319699      0.1156962      0.7361069      0.6717534    
 2014  0.1239027      0.7151335      0.9807291      0.4163397E-01  0.1245548      0.2820006      0.3900474E-02  0.1218056E-02  0.5191329E-01  0.2870260      0.3569546      0.7733136    
 2015  0.3970415       1.348436      0.7789211      0.9913944E-02  0.3727143E-02  0.3830311E-02  0.6032983E-02  0.7732502E-01  0.4404310      0.2619131       1.161273      0.9450778E-01
 2016  0.1301164      0.1679690      0.8223116E-01  0.6691991E-01  0.1200747      0.2117943E-01  0.7104629E-02  0.2730972E-01  0.5037168      0.2034022      0.5844669       1.233101    
 2017  0.2268767      0.1045817      0.7502364       1.109491      0.1520874      0.1802350E-01  0.1222032E-02   0.000000      0.9456115E-01   1.009930       2.255824       1.473568    
 2018  0.7546230E-01  0.8010885      0.2501700      0.2636143      0.1702572      0.2227658E-01   0.000000      0.2993146      0.4093772      0.6648073       1.002391      0.7621211E-01
 2019  0.3519186       1.081534      0.4748274      0.4093052      0.3789002      0.2772288E-01  0.2521889E-01  0.8900314E-02  0.1732326       1.599872      0.9769557      0.4344993    
 2020  0.6095162      0.2974129E-02  0.4407018      0.4021387      0.3391073E-01  0.1525908E-03  0.6077045E-03  0.5643124E-02   1.103968      0.9818536E-01  0.9619213      0.5144065    
 2021  0.2858813E-01  0.4053675E-01  0.1411966      0.1760582      0.2677687E-01  0.4340150E-01   0.000000      0.3352908E-01  0.3062614E-01  0.3017499      0.7781863      0.3989515E-01
 2022  0.4422171      0.1740931      0.2014261      0.1379697      0.9427167E-01  0.1374807E-01  0.9646949E-02  0.1220310E-01  0.3993097      0.2215653E-01  0.1171666      0.9752835E-01
 2023  0.1754193       1.114475      0.5520498E-01  0.3538716      0.7362027      0.5036385E-01   0.000000      0.1129600      0.8104813E-01  0.5225424E-01  0.1669042       1.534357    
 2024  0.3530098E-01  0.4962082      0.1165815E-01   1.361630      0.1212484      0.4120083E-02  0.1903600E-02  0.1060622E-01  0.3666716      0.8879358      0.1867298      0.3764348    
 2025  0.9753473      0.4692622      0.8639784      0.1318964      0.1430074      0.5129958E-02  0.9486075E-02  0.1661139E-01  0.2032454      0.2663741      0.3146727      0.6198611    
 2026  0.3690529      0.1837522E-01   1.229407      0.1770852      0.1224020      -999.9000      -999.9000      -999.9000      -999.9000      -999.9000      -999.9000      -999.9000    
