# using year1  1950
# using year2  2026
# minimal_valid_fraction ::  30.00
# operating on 
# <a href=http://climexp.knmi.nl/select.cgi?field=era5_tp>climexp.knmi.nl/select.cgi?field=era5_tp</a>
# file :: /data/climexp_data_collection/ERA5/era5_tp.nc
# cdi :: Climate Data Interface version 2.5.3 (https://mpimet.mpg.de/cdi)
# institution :: KNMI Climate Explorer and European Centre for Medium-Range Weather Forecasts
# cdo :: Climate Data Operators version 2.5.3 (https://mpimet.mpg.de/cdo)
# geospatial_lat_max ::     90.1
# geospatial_lon_min ::     -0.1
# geospatial_lon_units :: degrees_east
# geospatial_lon_resolution ::      0.2
# time_coverage_start :: 1950-01-15
# time_coverage_end :: 2026-05-15
# climexp_url :: https://climexp.knmi.nl/select.cgi?era5_tp
# nco :: netCDF Operators version 5.3.3 (Homepage = http://nco.sf.net, Code = http://github.com/nco/nco, Citation = 10.1016/j.envsoft.2008.03.004)
# scripturl01 :: http://climexp.knmi.nl/get_index.cgi?delta_lat=0.25&delta_lon=0.25&email=someone@somewhere&field=era5_tp&gridpoints=false&intertype=nearest&lat1=37.00&lat2=38.00&lat_max=90.00&lat_min=-90.00&lon1=23.00&lon2=24.00&lon_max=359.75&lon_min=0.00&masktype=all&year1=1950&year2=2026&year_max=2026&year_min=1950
# history ::  2026-06-21 11:28:15 bin/get_index /data/climexp_data_collection/ERA5/era5_tp.nc 23.00 24.00 37.00 38.00 dipole no year1 1950 year2 2026 minfac 30 nearest lsmask /data/climexp_data_collection/ERA5/era5_000000_lsm-025.nc all nomissing era5_tp_23.00-24.00E_37.00-38.00N_1950-2026_n\nSat Jun  6 08:38:11 2026: ncatted -a cell_methods,tp,d,, era5_tp.nc\nSat Jun 06 08:36:47 2026: cdo -r -f nc4 -z zip -O mergetime /net/pc230042/nobackup/users/sager/nobackup_2_old/ERA5/1950/mon/era5_tp_195001-195012.nc /net/pc230042/nobackup/users/sager/nobackup_2_old/ERA5/1951/mon/era5_tp_195101-195112.nc /net/pc230042/nobackup/users/sager/nobackup_2_old/ERA5/1952/mon/era5_tp_195201-195212.nc /net/pc230042/nobackup/users/sager/nobackup_2_old/ERA5/1953/mon/era5_tp_195301-195312.nc /net/pc230042/nobackup/users/sager/nobackup_2_old/ERA5/1954/mon/era5_tp_195401-195412.nc /net/pc230042/nobackup/users/sager/nobackup_2_old/ERA5/1955/mon/era5_tp_195501-195512.nc /net/pc230042/nobackup/users/sager/nobackup_2_old/ERA5/1956/mon/era5_tp_195601-195612.nc /net/pc230042/nobackup/users/sager/nobackup_2_old/ERA5/1957/mon/era5_tp_195701-195712.nc /net/pc230042/nobackup/users/sager/nobackup_2_old/ERA5/1958/mon/era5_tp_195801-195812.nc /net/pc230042/nobackup/users/sager/nobackup_2_old/ERA5/1959/mon/era5_tp_195901-195912.nc /net/pc230042/nobackup/users/sager/nobackup_2_old/ERA5/1960/mon/era5_tp_196001-196012.nc /net/pc230042/nobackup/users/sager/nobackup_2_old/ERA5/1961/mon/era5_tp_196101-196112.nc /net/pc230042/nobackup/users/sager/nobackup_2_old/ERA5/1962/mon/era5_tp_196201-196212.nc /net/pc230042/nobackup/users/sager/nobackup_2_old/ERA5/1963/mon/era5_tp_196301-196312.nc /net/pc230042/nobackup/users/sager/nobackup_2_old/ERA5/1964/mon/era5_tp_196401-196412.nc /net/pc230042/nobackup/users/sager/nobackup_2_old/ERA5/1965/mon/era5_tp_196501-196512.nc /net/pc230042/nobackup/users/sager/nobackup_2_old/ERA5/1966/mon/era5_tp_196601-196612.nc /net/pc230042/nobackup/users/sager/nobackup_2_old/ERA5/1967/mon/era5_tp_196701-196712.nc /net/pc230042/nobackup/users/sager/nobackup_2_old/ERA5/1968/mon/era5_tp_196801-196812.nc /net/pc230042/nobackup/users/sager/nobackup_2_old/ERA5/1969/mon/era5_tp_196901-196912.nc /net/pc230042/nobackup/users/sager/nobackup_2_old/ERA5/1970/mon/era5_tp_197001-197012.nc /net/pc230042/nobackup/users/sager/nobackup_2_old/ERA5/1971/mon/era5_tp_197101-197112.nc /net/pc230042/nobackup/users/sager/nobackup_2_old/ERA5/1972/mon/era5_tp_197201-197212.nc /net/pc230042/nobackup/users/sager/nobackup_2_old/ERA5/1973/mon/era5_tp_197301-197312.nc /net/pc230042/nobackup/users/sager/nobackup_2_old/ERA5/1974/mon/era5_tp_197401-197412.nc /net/pc230042/nobackup/users/sager/nobackup_2_old/ERA5/1975/mon/era5_tp_197501-197512.nc /net/pc230042/nobackup/users/sager/nobackup_2_old/ERA5/1976/mon/era5_tp_197601-197612.nc /net/pc230042/nobackup/users/sager/nobackup_2_old/ERA5/1977/mon/era5_tp_197701-197712.nc /net/pc230042/nobackup/users/sager/nobackup_2_old/ERA5/1978/mon/era5_tp_197801-197812.nc /net/pc230042/nobackup/users/sager/nobackup_2_old/ERA5/1979/mon/era5_tp_197901-197912.nc /net/pc230042/nobackup/users/sager/nobackup_2_old/ERA5/1980/mon/era5_tp_198001-198012.nc /net/pc230042/nobackup/users/sager/nobackup_2_old/ERA5/1981/mon/era5_tp_198101-198112.nc /net/pc230042/nobackup/users/sager/nobackup_2_old/ERA5/1982/mon/era5_tp_198201-198212.nc /net/pc230042/nobackup/users/sager/nobackup_2_old/ERA5/1983/mon/era5_tp_198301-198312.nc /net/pc230042/nobackup/users/sager/nobackup_2_old/ERA5/1984/mon/era5_tp_198401-198412.nc /net/pc230042/nobackup/users/sager/nobackup_2_old/ERA5/1985/mon/era5_tp_198501-198512.nc /net/pc230042/nobackup/users/sager/nobackup_2_old/ERA5/1986/mon/era5_tp_198601-198612.nc /net/pc230042/nobackup/users/sager/nobackup_2_old/ERA5/1987/mon/era5_tp_198701-198712.nc /net/pc230042/nobackup/users/sager/nobackup_2_old/ERA5/1988/mon/era5_tp_198801-198812.nc /net/pc230042/nobackup/users/sager/nobackup_2_old/ERA5/1989/mon/era5_tp_198901-198912.nc /net/pc230042/nobackup/users/sager/nobackup_2_old/ERA5/1990/mon/era5_tp_199001-199012.nc /net/pc230042/nobackup/users/sager/nobackup_2_old/ERA5/1991/mon/era5_tp_199101-199112.nc /net/pc230042/nobackup/users/sager/nobackup_2_old/ERA5/1992/mon/era5_tp_199201-199212.nc /net/pc230042/nobackup/users/sager/nobackup_2_old/ERA5/1993/mon/era5_tp_199301-199312.nc /net/pc230042/nobackup/users/sager/nobackup_2_old/ERA5/1994/mon/era5_tp_199401-199412.nc /net/pc230042/nobackup/users/sager/nobackup_2_old/ERA5/1995/mon/era5_tp_199501-199512.nc /net/pc230042/nobackup/users/sager/nobackup_2_old/ERA5/1996/mon/era5_tp_199601-199612.nc /net/pc230042/nobackup/users/sager/nobackup_2_old/ERA5/1997/mon/era5_tp_199701-199712.nc /net/pc230042/nobackup/users/sager/nobackup_2_old/ERA5/1998/mon/era5_tp_199801-199812.nc /net/pc230042/nobackup/users/sager/nobackup_2_old/ERA5/1999/mon/era5_tp_199901-199912.nc /net/pc230042/nobackup/users/sager/nobackup_2_old/ERA5/2000/mon/era5_tp_200001-200012.nc /net/pc230042/nobackup/users/sager/nobackup_2_old/ERA5/2001/mon/era5_tp_200101-200112.nc /net/pc230042/nobackup/users/sager/nobackup_2_old/ERA5/2002/mon/era5_tp_200201-200212.nc /net/pc230042/nobackup/users/sager/nobackup_2_old/ERA5/2003/mon/era5_tp_200301-200312.nc /net/pc230042/nobackup/users/sager/nobackup_2_old/ERA5/2004/mon/era5_tp_200401-200412.nc /net/pc230042/nobackup/users/sager/nobackup_2_old/ERA5/2005/mon/era5_tp_200501-200512.nc /net/pc230042/nobackup/users/sager/nobackup_2_old/ERA5/2006/mon/era5_tp_200601-200612.nc /net/pc230042/nobackup/users/sager/nobackup_2_old/ERA5/2007/mon/era5_tp_200701-200712.nc /net/pc230042/nobackup/users/sager/nobackup_2_old/ERA5/2008/mon/era5_tp_200801-200812.nc /net/pc230042/nobackup/users/sager/nobackup_2_old/ERA5/2009/mon/era5_tp_200901-200912.nc /net/pc230042/nobackup/users/sager/nobackup_2_old/ERA5/2010/mon/era5_tp_201001-201012.nc /net/pc230042/nobackup/users/sager/nobackup_2_old/ERA5/2011/mon/era5_tp_201101-201112.nc /net/pc230042/nobackup/users/sager/nobackup_2_old/ERA5/2012/mon/era5_tp_201201-201212.nc /net/pc230042/nobackup/users/sager/nobackup_2_old/ERA5/2013/mon/era5_tp_201301-201312.nc /net/pc230042/nobackup/users/sager/nobackup_2_old/ERA5/2014/mon/era5_tp_201401-201412.nc /net/pc230042/nobackup/users/sager/nobackup_2_old/ERA5/2015/mon/era5_tp_201501-201512.nc /net/pc230042/nobackup/users/sager/nobackup_2_old/ERA5/2016/mon/era5_tp_201601-201612.nc /net/pc230042/nobackup/users/sager/nobackup_2_old/ERA5/2017/mon/era5_tp_201701-201712.nc /net/pc230042/nobackup/users/sager/nobackup_2_old/ERA5/2018/mon/era5_tp_201801-201812.nc /net/pc230042/nobackup/users/sager/nobackup_2_old/ERA5/2019/mon/era5_tp_201901-201912.nc /net/pc230042/nobackup/users/sager/nobackup_2_old/ERA5/2020/mon/era5_tp_202001-202012.nc /net/pc230042/nobackup/users/sager/nobackup_2_old/ERA5/2021/mon/era5_tp_202101-202112.nc /net/pc230042/nobackup/users/sager/nobackup_2_old/ERA5/2022/mon/era5_tp_202201-202212.nc /net/pc230042/nobackup/users/sager/nobackup_2_old/ERA5/2023/mon/era5_tp_202301-202312.nc /net/pc230042/nobackup/users/sager/nobackup_2_old/ERA5/2024/mon/era5_tp_202401-202412.nc /net/pc230042/nobackup/users/sager/nobackup_2_old/ERA5/2025/mon/era5_tp_202501-202512.nc /net/pc230042/nobackup/users/sager/nobackup_2_old/ERA5/2026/mon/era5_tp_202601-202612.nc era5_tp.nc\nFri Feb 26 12:33:50 2021: cdo -O -z zip copy era5_195001_tp.nc era5_195002_tp.nc era5_195003_tp.nc era5_195004_tp.nc era5_195005_tp.nc era5_195006_tp.nc era5_195007_tp.nc era5_195008_tp.nc era5_195009_tp.nc era5_195010_tp.nc era5_195011_tp.nc era5_195012_tp.nc /nobackup_2/users/sager/ERA5/1950/mon/era5_tp_195001-195012.nc\nFri Feb 26 12:29:45 2021: ncatted -O -a long_name,tp,m,c,Precipitation -a standard_name,tp,m,c,precipitation_flux -a units,tp,m,c,mm/dy -a title,global,m,c,"ERA5 reanalysis, https://www.ecmwf.int/en/forecasts/datasets/reanalysis-datasets/era5" /nobackup_1/users/sager/CX/TMP/monthly/1950/era5_195001_tp.nc /nobackup_1/users/sager/CX/TMP/monthly/1950/era5_195001_tp_atted.nc\nFri Feb 26 12:29:45 2021: cdo -O -v -s -r -b 32 -f nc4 -z zip setgridtype,regular -mulc,1000.0 -setname,tp -settaxis,1950-01-15,0:00,1mon /nobackup_1/users/sager/CX/TMP/monthly/1950/era5_195001_TP.grb /nobackup_1/users/sager/CX/TMP/monthly/1950/era5_195001_tp.nc
# ave_region :: lon=   22.875   24.125, lat=   36.875   38.125
# averaging anomalies over region lon=   22.875   24.125, lat=   36.875   38.125
# tp [mm/dy] Precipitation
 1950   1.529804      0.2179106       1.925122      0.6962080       1.797408      0.8615149E-01  0.1515632E-03  0.6017307E-02  0.7050727      0.1905337      0.6643093       2.071759    
 1951   2.268087       1.160683       1.078874      0.1381825      0.2251422      0.1360987      0.6223977E-01  0.6581502E-01  0.2439939       2.565865       2.548431       1.979186    
 1952   1.262688       2.250408       1.170878      0.1255337      0.4802396      0.5118205E-01  0.7447108E-02  0.1536067E-03  0.6278593E-01  0.2101615       3.151504       3.610401    
 1953   3.714667      0.4421553       1.291695      0.4649207       1.399889      0.1248421      0.4720237E-02  0.1305556      0.3725330E-01   2.015467       2.584688       1.013254    
 1954   2.150668       1.770337       1.687101       1.478023      0.4714694      0.4649606E-01  0.2656478E-02  0.1854713E-01  0.3409823       1.982753       2.195015       2.421469    
 1955   1.918932      0.6463226       1.000822       2.582685      0.5744008E-01  0.2305437      0.7822710E-01  0.1597289      0.4958484       2.284572       2.367856      0.7439640    
 1956   1.318499       2.951696       2.013227      0.3159888      0.2409642      0.2343185E-01  0.9104609E-02  0.2813159E-02  0.1288069      0.1346062       1.485352      0.9741166    
 1957   2.764753      0.3356596       1.195730      0.5675414      0.6592574      0.4068987      0.2443228E-01  0.7448463E-02  0.7434874       3.365820       1.898575       2.309644    
 1958   1.998224      0.1485162       1.590850      0.5816041      0.1140846      0.3795017      0.2887387E-02  0.9440966E-02   1.885517      0.7642548       2.002584       1.096996    
 1959   1.452351      0.6053827      0.9249589       1.025713      0.1876678      0.8180024E-01  0.2227435      0.3888457E-01  0.9613042E-01   1.249711       1.617726       1.219622    
 1960   2.193620       1.019963       1.715793      0.8550240      0.7494265      0.8181693E-01  0.3394989E-01  0.2343297E-01  0.2204792      0.1607364      0.9101561       3.021818    
 1961   1.589270       1.341983       2.547485      0.3085764      0.1721678      0.1210334      0.6075135E-02  0.5281964E-01  0.3486651E-01   1.373950       1.127152       2.555745    
 1962   1.200886       2.402725      0.7432817      0.3351587      0.7402551      0.4775016E-01  0.2616568E-01  0.4062920E-02   1.630818       2.011526       1.658623       6.388309    
 1963   1.904273       1.739307       1.322753      0.4416091       1.004449      0.7800454E-01  0.1078856      0.5995506E-02  0.9676066E-01   2.439675      0.7623594       1.106573    
 1964   2.695498       1.213344      0.7325629      0.2019130      0.6717809      0.6424793      0.1530909      0.8532889E-02  0.8311147      0.5069950      0.9986154       1.078286    
 1965   2.265456       2.979245       2.543436      0.9086924      0.5263938      0.3114199      0.2336218E-01  0.2025914      0.7929000E-01  0.5540506      0.6006630       1.535337    
 1966   2.510047      0.4125420       2.540965       1.137690      0.7688317      0.2032381      0.1503988E-01  0.7017089E-01  0.8787919      0.6637561       1.154006       1.772534    
 1967   1.991939       1.547324       1.778351      0.5342455      0.6679196      0.2160435      0.1916630      0.8567334E-01  0.2701114       3.391522       3.746940       2.551701    
 1968   3.021275       2.778227       1.216915      0.1884978      0.3226615      0.3447016      0.1810052E-01  0.3618542E-01  0.4747503       5.837848       2.664961       3.489354    
 1969   2.129737       1.074569       1.766043      0.4361495      0.1971185      0.7008749E-01  0.7938377E-01  0.1070653E-01  0.3411155      0.2179565      0.7202954       3.374853    
 1970   2.077972      0.9430999       1.335335      0.4200744      0.4190063      0.1215453      0.4257556E-01  0.1104244E-01  0.4622789       2.113965      0.3478075       2.766538    
 1971   3.951285       3.155711       2.049265       1.100305      0.3109750      0.1290448      0.3951830      0.2931223      0.5205246      0.7983189       1.244067       1.328121    
 1972   3.238903       2.175147       1.898179       2.951584      0.4962308      0.6386561E-01  0.5396983       1.168595      0.6163548       2.922997      0.2410205       1.040499    
 1973   4.731593       1.956383       1.510296      0.9460053      0.9408523E-01  0.1473057      0.1280938      0.6496265E-01  0.3763712       1.771380       1.525387       1.329751    
 1974   2.718318       3.838522       3.266253       1.317672      0.2573120      0.1856904      0.2050531E-01  0.1900274      0.3511172      0.7575548       2.181221      0.6624137    
 1975  0.8421408       2.866228      0.4930911      0.5760962      0.5600498      0.6481822      0.2912110E-01  0.2302910      0.2088871E-01  0.5568426       1.880346       4.486401    
 1976   1.983159       2.546414       1.786539       1.059486      0.3067327      0.1186314      0.1232279      0.1933721      0.2596621       4.545506       2.160637       1.672272    
 1977  0.9879591      0.3281233      0.4340117       1.120490      0.6283867E-01  0.5521858      0.2417224E-01  0.4111183E-02  0.3254893      0.4422258      0.7009888       3.740422    
 1978   3.962453       3.145762       1.566850       1.139976      0.1127842      0.5184727E-01  0.6760471E-02  0.2195868E-01   1.135834       1.150362      0.9886129       3.039849    
 1979   1.080211       1.243996      0.4915252      0.7164920      0.7697639      0.1025173      0.1625416      0.1165697      0.1246899       3.281052       3.014985       1.643282    
 1980   1.529050       1.974518       1.723653      0.8977330      0.5129260      0.1872010      0.6988123E-02  0.3865149E-01  0.2394778       4.416529      0.6226485       2.766760    
 1981   5.814853       1.582047      0.2052436      0.7704345      0.1962603      0.6578890E-01  0.2148374E-01  0.4329977E-01  0.6928671E-02  0.2956816       1.362040       1.974222    
 1982   1.603159       3.287997       2.964135       2.274427      0.8147722      0.5407375E-01  0.7712030E-01  0.2429325      0.8850551E-01  0.5513016       1.956142       1.012659    
 1983  0.4772793       2.101083       2.124938      0.2979468      0.2045154      0.1341833      0.2718315      0.1041092      0.8634496E-01  0.6056231       1.817359       2.497885    
 1984   1.449041       2.549716       1.680593       2.379756      0.4008541E-01  0.2076680E-01  0.2084081      0.1609086      0.7225655E-02  0.1427060       1.588450       2.996069    
 1985   3.516444       1.946049       3.050670      0.7396539      0.2489945      0.2809411E-01  0.3464180E-01  0.5014697E-02  0.7554143E-01   2.204887       1.416403       1.202082    
 1986   1.284506       1.897136      0.8542116      0.2257139      0.3469081      0.3162035      0.1740712E-01  0.1345846E-01  0.8207995E-01   6.006498      0.6556450       1.374987    
 1987   1.193843       1.699033       2.454601       2.006995      0.1114310      0.3158884      0.3192635E-01  0.2161431      0.2225686E-01  0.5725513       1.950683       1.360222    
 1988   2.193180       2.039574       2.037323      0.6748070      0.1420433      0.4769661E-01  0.1297750E-02  0.4710777E-02  0.1756060       1.084904       3.675390       3.505011    
 1989  0.3802306      0.4116295       2.459095      0.7015216E-01  0.1894360      0.5527833E-01  0.5500108E-01  0.1935613E-01  0.1513486       2.280215       1.176118       1.164161    
 1990  0.4047983      0.7155155      0.4495050E-01  0.3799371      0.9474714E-01  0.7338489E-01  0.1888444E-01  0.4696577      0.4103746      0.2461774       2.896725       1.905858    
 1991   1.719617       2.059841      0.9135143       1.590975      0.9945157      0.2383664E-01  0.1575569      0.2684480      0.5022866E-01   2.618297      0.7837465       4.076025    
 1992  0.7254617       1.240499      0.9032784      0.6775316      0.7929876      0.4206913      0.7529285E-01  0.1087653E-01  0.1369103E-01  0.3248507       1.360189       1.930931    
 1993  0.8843020       2.337863      0.9636287      0.5314665       1.405167      0.2094971      0.1813589E-01  0.4512303E-01  0.3198203E-01  0.6007350E-01   3.139116      0.6180142    
 1994   2.598908       2.356996      0.7942237      0.4551168      0.7607816      0.1082303      0.2921806      0.1504510E-01  0.1212506E-02   3.171666       1.585549       2.028797    
 1995   2.732657      0.2345716       1.792179      0.4384051      0.1630458      0.6406392E-01  0.2842833      0.1797898      0.6433166      0.3720711       1.208805       2.580505    
 1996   2.918439       2.242636       2.951781      0.4743531      0.5102921      0.1309962E-01  0.1464633E-01  0.8388691E-01  0.1789476       1.541894      0.6057857       2.688748    
 1997   3.508441       1.417179       2.190757       1.157565      0.2809712      0.1555652      0.1783018E-01  0.4002040      0.5803909E-01  0.7299747       2.161863       2.323294    
 1998  0.9576948      0.8126342       5.581012      0.4567043       1.299895      0.4116139E-01  0.3215533E-02  0.4564368E-02  0.2941065      0.4796491       3.880252       2.932135    
 1999   1.514535       1.281175       2.495307      0.3246042      0.1175528      0.3179918E-01  0.2102370      0.1638893      0.9090891      0.5946478       2.565318       1.219500    
 2000   1.084792       1.739572      0.6210731      0.6061352      0.2441675      0.4773591E-01  0.1444879E-01  0.1343391E-01  0.2562816      0.5789604      0.7887231       2.438391    
 2001   1.017597       1.705977      0.9472563       1.010122      0.2843474      0.4710706E-01  0.1375469      0.1593646      0.3865343E-01  0.6147055E-01   4.582915       4.205824    
 2002   1.839578      0.2889527       2.712260       1.378043      0.1624236      0.1155494E-01  0.1825386      0.6490355       1.376626      0.9750206       2.492270       4.820052    
 2003   4.448639       5.154819       3.155702       1.831529      0.3981112      0.5375845E-01  0.3342630E-02  0.2374604E-01  0.2384311       1.292136       2.043225       3.667776    
 2004   4.029851      0.9632514      0.8578939      0.6024100      0.5424556      0.4932506E-01  0.8093940E-01  0.1183977      0.8789066E-01  0.3039964       1.083569       2.043495    
 2005   3.407444       1.680310      0.8813117      0.1076399      0.8434365      0.8719672E-01  0.1709224      0.1943338      0.9202003      0.3840330       4.456939       1.163695    
 2006   2.523938       2.025018      0.9325764      0.8933575      0.5627732E-01  0.1249742      0.1652652      0.2787980E-01   1.165415       4.223169       1.002470      0.4270514    
 2007  0.1966282       1.963754       1.248781      0.1861321      0.8404623      0.1842333      0.8072860E-02  0.2687156E-01  0.9817353E-01   1.105792       1.113668       1.485708    
 2008  0.7050886       1.852026       1.854801       1.242260      0.4245861      0.9269528E-01  0.8671461E-02  0.9524996E-01   1.871676      0.1060385       1.395025       2.775491    
 2009   2.224140       1.373561       1.261742      0.7005360      0.3403692      0.2699861E-01  0.1237702      0.3419440E-01  0.5149429       2.932656      0.7455535       2.253198    
 2010   2.330124       1.447756       1.087523      0.1723941      0.5136921      0.5284076      0.5600107E-01  0.1080607E-01  0.6720855       3.072530       1.101479       1.279733    
 2011   2.063317       5.412842       1.831975       2.014752      0.7590650      0.1904078      0.2200501E-02  0.1240472E-01  0.1368271       1.323292      0.3981019       1.229464    
 2012  0.7804283       3.566482       1.008814      0.6317852      0.6244968      0.7434822E-02  0.4179021E-02  0.4647610E-01  0.1556630      0.4730095       2.095113       2.764338    
 2013  0.9887835       2.238839       1.221138      0.1804729      0.4429414      0.3242784      0.2908276E-01  0.1477950E-01  0.5481154      0.2376022       3.287275       2.777298    
 2014   2.244368       1.725700       1.364101      0.7427222      0.1097009      0.4577912      0.9441508E-01  0.4280400E-01  0.4270168       1.010492       1.670781       4.164320    
 2015   1.568651       2.013567       2.683103      0.3728963      0.6055206      0.6546888      0.4256210E-01  0.1139901       1.648352       1.655313      0.6292604      0.3771932    
 2016   1.281167      0.4903153       1.959428      0.3557300E-01  0.4343779      0.4271030      0.8207534E-02  0.7146300E-01  0.5068020      0.5748246       1.335886       1.129579    
 2017   2.277148      0.7638737       1.666349      0.3702966       1.277939      0.4673567      0.1345675      0.7713870E-01  0.2892810      0.3894905       2.090300       1.378412    
 2018   1.393259       2.731529      0.2573244      0.1646322      0.5961953       1.319261      0.4206715      0.4792444       2.621247      0.5472445       2.158256       2.550499    
 2019   3.728057       4.216184       1.242746       2.043725      0.2282042      0.1329300      0.1034423      0.4670811E-01  0.2438965      0.8421543       2.450408       2.459733    
 2020   1.294014      0.6238193       2.161596       1.642488      0.3201403      0.2269197      0.9313256E-01  0.2113864       1.256731      0.9266728      0.6773883       3.084437    
 2021   1.545756      0.9930366      0.7667722      0.5223696      0.2919328E-01  0.4836224      0.9563909E-02  0.1904765E-02  0.2071019       2.166778       1.073256       2.278254    
 2022   2.691749       1.283082       1.672202      0.4639417      0.3852324      0.1001589      0.3056379       1.192354      0.2776269      0.7482006       2.449442      0.4606428    
 2023   1.568368      0.8581106      0.7763076      0.5492997       1.056160      0.5480583      0.4560980E-02  0.9130945E-01   1.974165      0.1062251      0.6187978       1.513743    
 2024   1.449731       1.568631      0.7925069      0.3720806      0.2515707      0.1666363E-01  0.1908909      0.3977230      0.1935859      0.5450427E-01  0.8895035       2.814950    
 2025   1.606926       1.676209      0.7339885       1.146049      0.3822206      0.9397666E-01  0.2493434E-01  0.5409352E-01  0.2835362       2.003273       1.711197       1.955147    
 2026   2.194736       1.818336      0.8833364       2.492569      0.6945009      -999.9000      -999.9000      -999.9000      -999.9000      -999.9000      -999.9000      -999.9000    
